1.086281
1.086216
1.086132
1.086068
1.085984
1.08592
1.085837
1.085772
1.085699
1.085616
1.085552
1.08547
1.085406
1.085324
1.085261
1.085178
1.085115
1.085034
1.084971
1.084889
1.084827
1.084755
1.084674
1.084611
1.08453
1.084468
1.084388
1.084326
1.084245
1.084184
1.084104
1.084042
1.083963
1.083901
1.083831
1.083752
1.083691
1.083611
1.083551
1.083472
1.083412
1.083333
1.083273
1.083194
1.083134
1.083056
1.082996
1.082927
1.08285
1.08279
1.082712
1.082653
1.082576
1.082517
1.08244
1.082381
1.082304
1.082245
1.082169
1.08211
1.082043
1.081967
1.081909
1.081832
1.081775
1.081699
1.081641
1.081565
1.081508
1.081433
1.081375
1.0813
1.081243
1.081177
1.081102
1.081046
1.080971
1.080914
1.08084
1.080784
1.08071
1.080653
1.08058
1.080524
1.080459
1.080385
1.08033
1.080256
1.080201
1.080127
1.080072
1.079999
1.079944
1.079872
1.079817
1.079744
1.079689
1.079626
1.079554
1.079499
1.079427
1.079373
1.079301
1.079247
1.079176
1.079122
1.079051
1.078997
1.078926
1.078872
1.07881
1.078739
1.078686
1.078616
1.078563
1.078492
1.078439
1.078369
1.078316
1.078246
1.078194
1.078124
1.078072
1.078011
1.077942
1.077889
1.07782
1.077768
1.077699
1.077648
1.077579
1.077527
1.077459
1.077407
1.077339
1.077288
1.077228
1.07716
1.077109
1.077041
1.07699
1.076922
1.076872
1.076804
1.076754
1.076686
1.076636
1.076569
1.076519
1.07646
1.076393
1.076344
1.076277
1.076227
1.076161
1.076111
1.076045
1.075995
1.075929
1.07588
1.075814
1.075765
1.075708
1.075642
1.075593
1.075528
1.075479
1.075414
1.075365
1.0753
1.075252
1.075187
1.075139
1.075074
1.075026
1.07497
1.074906
1.074858
1.074793
1.074746
1.074682
1.074634
1.07457
1.074523
1.074459
1.074412
1.074357
1.074293
1.074246
1.074183
1.074136
1.074073
1.074027
1.073964
1.073917
1.073854
1.073808
1.073745
1.073699
1.073645
1.073583
1.073537
1.073474
1.073429
1.073367
1.073321
1.073259
1.073214
1.073152
1.073107
1.073045
1.073
1.072947
1.072885
1.07284
1.072779
1.072734
1.072673
1.072629
1.072568
1.072523
1.072463
1.072418
1.072358
1.072314
1.072261
1.072201
1.072157
1.072097
1.072053
1.071993
1.071949
1.07189
1.071846
1.071787
1.071743
1.071684
1.07164
1.071589
1.07153
1.071487
1.071428
1.071385
1.071326
1.071283
1.071224
1.071181
1.071123
1.07108
1.071022
1.070979
1.070929
1.070871
1.070828
1.07077
1.070728
1.07067
1.070628
1.070571
1.070529
1.070471
1.070429
1.070372
1.07033
1.070281
1.070224
1.070182
1.070125
1.070084
1.070027
1.069986
1.069929
1.069888
1.069831
1.06979
1.069734
1.069693
1.069645
1.069588
1.069548
1.069492
1.069451
1.069395
1.069355
1.069299
1.069259
1.069203
1.069163
1.069115
1.06906
1.06902
1.068964
1.068925
1.068869
1.06883
1.068775
1.068735
1.06868
1.068641
1.068586
1.068547
1.0685
1.068445
1.068406
1.068352
1.068313
1.068258
1.068219
1.068165
1.068126
1.068072
1.068034
1.06798
1.067941
1.067895
1.067842
1.067803
1.06775
1.067711
1.067658
1.06762
1.067566
1.067528
1.067475
1.067437
1.067384
1.067346
1.067301
1.067248
1.067211
1.067158
1.06712
1.067068
1.06703
1.066978
1.066941
1.066888
1.066851
1.066799
1.066762
1.066717
1.066666
1.066628
1.066577
1.06654
1.066488
1.066451
1.0664
1.066363
1.066312
1.066275
1.066224
1.066188
1.066144
1.066093
1.066056
1.066005
1.065969
1.065918
1.065882
1.065832
1.065796
1.065745
1.065709
1.065659
1.065623
1.06558
1.06553
1.065494
1.065444
1.065408
1.065358
1.065323
1.065273
1.065238
1.065188
1.065153
1.065103
1.065068
1.065026
1.064976
1.064941
1.064892
1.064857
1.064808
1.064773
1.064724
1.064689
1.06464
1.064605
1.064564
1.064515
1.064481
1.064432
1.064397
1.064349
1.064315
1.064266
1.064232
1.064184
1.06415
1.064101
1.064067
1.064026
1.063978
1.063945
1.063897
1.063863
1.063815
1.063781
1.063734
1.0637
1.063653
1.063619
1.063572
1.063538
1.063498
1.063451
1.063417
1.06337
1.063337
1.06329
1.063257
1.06321
1.063177
1.06313
1.063097
1.063051
1.063018
1.062978
1.062931
1.062899
1.062852
1.06282
1.062773
1.062741
1.062695
1.062662
1.062616
1.062584
1.062538
1.062506
1.062467
1.062421
1.062389
1.062343
1.062311
1.062265
1.062233
1.062188
1.062156
1.062111
1.062079
1.062034
1.062002
1.061964
1.061918
1.061887
1.061842
1.06181
1.061765
1.061734
1.061689
1.061658
1.061613
1.061582
1.061537
1.061506
1.061468
1.061424
1.061393
1.061348
1.061318
1.061273
1.061243
1.061198
1.061168
1.061123
1.061093
1.061049
1.061018
1.060981
1.060937
1.060907
1.060863
1.060833
1.060789
1.060759
1.060715
1.060685
1.060642
1.060611
1.060575
1.060531
1.060502
1.060458
1.060428
1.060385
1.060355
1.060312
1.060283
1.06024
1.06021
1.060167
1.060138
1.060102
1.060059
1.060029
1.059987
1.059957
1.059915
1.059886
1.059843
1.059814
1.059772
1.059742
1.0597
1.059671
1.059636
1.059593
1.059565
1.059523
1.059494
1.059452
1.059423
1.059381
1.059353
1.059311
1.059282
1.05924
1.059212
1.059177
1.059135
1.059107
1.059065
1.059037
1.058996
1.058967
1.058926
1.058898
1.058857
1.058829
1.058788
1.05876
1.058725
1.058684
1.058656
1.058615
1.058588
1.058547
1.058519
1.058478
1.058451
1.05841
1.058382
1.058342
1.058314
1.05828
1.05824
1.058212
1.058172
1.058145
1.058104
1.058077
1.058037
1.05801
1.05797
1.057943
1.057903
1.057876
1.057842
1.057802
1.057775
1.057735
1.057709
1.057669
1.057642
1.057602
1.057576
1.057536
1.057509
1.05747
1.057443
1.05741
1.057371
1.057344
1.057305
1.057279
1.05724
1.057213
1.057174
1.057148
1.057109
1.057083
1.05705
1.057011
1.056985
1.056946
1.05692
1.056881
1.056855
1.056817
1.056791
1.056752
1.056726
1.056688
1.056662
1.05663
1.056592
1.056566
1.056528
1.056502
1.056464
1.056438
1.0564
1.056375
1.056337
1.056311
1.056273
1.056248
1.056216
1.056178
1.056153
1.056115
1.05609
1.056052
1.056027
1.05599
1.055965
1.055927
1.055902
1.055865
1.05584
1.055808
1.055771
1.055746
1.055709
1.055684
1.055647
1.055622
1.055585
1.05556
1.055523
1.055499
1.055462
1.055437
1.055406
1.05537
1.055345
1.055308
1.055284
1.055247
1.055223
1.055186
1.055162
1.055125
1.055101
1.055065
1.05504
1.05501
1.054974
1.05495
1.054914
1.054889
1.054853
1.054829
1.054793
1.054769
1.054733
1.054709
1.054673
1.054649
1.05462
1.054584
1.05456
1.054524
1.054501
1.054465
1.054441
1.054406
1.054382
1.054346
1.054323
1.054287
1.054264
1.054235
1.054199
1.054176
1.05414
1.054117
1.054082
1.054059
1.054024
1.054
1.053965
1.053942
1.053907
1.053884
1.053855
1.05382
1.053797
1.053762
1.053739
1.053704
1.053681
1.053647
1.053624
1.053595
1.053555
1.053538
1.053509
1.053481
1.053452
1.053411
1.053395
1.053366
1.053338
1.053298
1.053281
1.053253
1.053224
1.053184
1.053168
1.053139
1.053111
1.053083
1.053043
1.053027
1.052999
1.052971
1.052931
1.052915
1.052887
1.052859
1.052819
1.052803
1.052775
1.052747
1.052719
1.05268
1.052664
1.052636
1.052608
1.052569
1.052553
1.052526
1.052498
1.052459
1.052443
1.052415
1.052388
1.05236
1.052321
1.052306
1.052278
1.052251
1.052212
1.052197
1.052169
1.052142
1.052115
1.052076
1.052061
1.052034
1.052006
1.051968
1.051952
1.051925
1.051898
1.05186
1.051845
1.051818
1.051791
1.051764
1.051726
1.051711
1.051684
1.051657
1.051619
1.051604
1.051577
1.051551
1.051513
1.051498
1.051471
1.051445
1.051418
1.05138
1.051365
1.051339
1.051313
1.051275
1.05126
1.051234
1.051208
1.05117
1.051155
1.051129
1.051103
1.051077
1.051039
1.051025
1.050999
1.050973
1.050935
1.050921
1.050895
1.050869
1.050832
1.050817
1.050792
1.050766
1.05074
1.050703
1.050689
1.050663
1.050637
1.0506
1.050586
1.05056
1.050535
1.050498
1.050484
1.050458
1.050433
1.050407
1.050371
1.050357
1.050331
1.050306
1.050269
1.050255
1.05023
1.050205
1.050169
1.050155
1.05013
1.050104
1.050079
1.050043
1.050029
1.050004
1.049979
1.049943
1.049929
1.049904
1.049879
1.049844
1.04983
1.049805
1.04978
1.049755
1.04972
1.049706
1.049681
1.049657
1.049621
1.049607
1.049583
1.049558
1.049523
1.049509
1.049485
1.04946
1.049436
1.0494
1.049387
1.049362
1.049338
1.049303
1.049289
1.049265
1.049241
1.049206
1.049192
1.049168
1.049144
1.04912
1.049085
1.049072
1.049048
1.049024
1.048989
1.048976
1.048952
1.048928
1.048893
1.04888
1.048856
1.048832
1.048808
1.048774
1.048761
1.048737
1.048713
1.048679
1.048666
1.048642
1.048618
1.048584
1.048571
1.048548
1.048524
1.048501
1.048466
1.048454
1.04843
1.048407
1.048373
1.04836
1.048337
1.048313
1.048279
1.048267
1.048243
1.04822
1.048197
1.048163
1.04815
1.048127
1.048104
1.04807
1.048058
1.048035
1.048012
1.047978
1.047966
1.047943
1.04792
1.047897
1.047863
1.047851
1.047828
1.047805
1.047772
1.047759
1.047737
1.047714
1.04768
1.047668
1.047646
1.047623
1.0476
1.047567
1.047555
1.047532
1.04751
1.047477
1.047465
1.047442
1.04742
1.047387
1.047375
1.047352
1.04733
1.047307
1.047275
1.047263
1.04724
1.047218
1.047185
1.047174
1.047151
1.047129
1.047107
1.047074
1.047063
1.04704
1.047018
1.046986
1.046974
1.046952
1.04693
1.046898
1.046886
1.046864
1.046842
1.04682
1.046788
1.046777
1.046755
1.046733
1.046701
1.046689
1.046667
1.046646
1.046613
1.046602
1.04658
1.046559
1.046537
1.046505
1.046494
1.046472
1.046451
1.046419
1.046407
1.046386
1.046364
1.046333
1.046322
1.0463
1.046279
1.046257
1.046226
1.046214
1.046193
1.046172
1.04614
1.046129
1.046108
1.046087
1.046055
1.046044
1.046023
1.046002
1.045981
1.045949
1.045938
1.045917
1.045896
1.045865
1.045854
1.045833
1.045812
1.045781
1.04577
1.045749
1.045728
1.045707
1.045676
1.045666
1.045645
1.045624
1.045593
1.045583
1.045562
1.045541
1.04551
1.0455
1.045479
1.045458
1.045438
1.045407
1.045396
1.045376
1.045355
1.045324
1.045314
1.045293
1.045273
1.045242
1.045232
1.045212
1.045191
1.045171
1.04514
1.04513
1.04511
1.045089
1.045059
1.045049
1.045028
1.045008
1.044978
1.044968
1.044947
1.044927
1.044907
1.044877
1.044867
1.044847
1.044827
1.044796
1.044786
1.044766
1.044746
1.044716
1.044706
1.044686
1.044666
1.044646
1.044617
1.044607
1.044587
1.044567
1.044537
1.044527
1.044507
1.044487
1.044458
1.044448
1.044428
1.044409
1.044389
1.044359
1.044349
1.04433
1.04431
1.044281
1.044271
1.044251
1.044232
1.044202
1.044193
1.044173
1.044154
1.044134
1.044105
1.044095
1.044076
1.044056
1.044027
1.044018
1.043998
1.043979
1.04395
1.04394
1.043921
1.043902
1.043882
1.043853
1.043844
1.043825
1.043805
1.043777
1.043767
1.043748
1.043729
1.0437
1.043691
1.043672
1.043653
1.043633
1.043605
1.043595
1.043576
1.043557
1.043529
1.043519
1.043501
1.043482
1.043453
1.043444
1.043425
1.043406
1.043387
1.043359
1.04335
1.043331
1.043312
1.043284
1.043275
1.043256
1.043237
1.043209
1.0432
1.043181
1.043163
1.043144
1.043116
1.043107
1.043088
1.04307
1.043042
1.043033
1.043014
1.042996
1.042977
1.042949
1.04294
1.042922
1.042903
1.042876
1.042867
1.042848
1.04283
1.042802
1.042793
1.042775
1.042757
1.042738
1.042711
1.042702
1.042684
1.042665
1.042638
1.042629
1.042611
1.042593
1.042565
1.042557
1.042538
1.04252
1.042502
1.042475
1.042466
1.042448
1.04243
1.042403
1.042394
1.042376
1.042358
1.042331
1.042322
1.042305
1.042287
1.042269
1.042241
1.042233
1.042215
1.042197
1.04217
1.042162
1.042144
1.042126
1.042099
1.042091
1.042073
1.042055
1.042038
1.042011
1.042002
1.041985
1.041967
1.04194
1.041932
1.041914
1.041897
1.04187
1.041862
1.041844
1.041827
1.041809
1.041782
1.041774
1.041757
1.041739
1.041713
1.041705
1.041687
1.04167
1.041643
1.041635
1.041618
1.041601
1.041583
1.041557
1.041549
1.041531
1.041514
1.041488
1.04148
1.041463
1.041445
1.041419
1.041411
1.041394
1.041377
1.04136
1.041333
1.041326
1.041308
1.041291
1.041265
1.041257
1.04124
1.041223
1.041197
1.041189
1.041172
1.041155
1.041139
1.041112
1.041105
1.041088
1.041071
1.041045
1.041037
1.04102
1.041004
1.040978
1.04097
1.040953
1.040936
1.04092
1.040894
1.040886
1.040869
1.040853
1.040827
1.04082
1.040803
1.040786
1.040761
1.040753
1.040736
1.04072
1.040703
1.040678
1.04067
1.040654
1.040637
1.040612
1.040604
1.040588
1.040571
1.040546
1.040538
1.040522
1.040505
1.040489
1.040464
1.040456
1.04044
1.040424
1.040398
1.040391
1.040375
1.040358
1.040333
1.040326
1.040309
1.040293
1.040277
1.040252
1.040245
1.040228
1.040212
1.040187
1.04018
1.040164
1.040148
1.040123
1.040115
1.040099
1.040083
1.040067
1.040042
1.040035
1.040019
1.040003
1.039978
1.039971
1.039955
1.039939
1.039914
1.039907
1.039891
1.039876
1.03986
1.039835
1.039828
1.039812
1.039796
1.039771
1.039765
1.039749
1.039733
1.039708
1.039701
1.039686
1.03967
1.039654
1.03963
1.039623
1.039607
1.039591
1.039567
1.03956
1.039544
1.039529
1.039504
1.039497
1.039482
1.039466
1.039451
1.039426
1.03942
1.039404
1.039389
1.039364
1.039358
1.039342
1.039327
1.039311
1.039287
1.03928
1.039265
1.039249
1.039225
1.039219
1.039203
1.039188
1.039164
1.039157
1.039142
1.039127
1.039111
1.039087
1.039081
1.039065
1.03905
1.039026
1.03902
1.039005
1.038989
1.038965
1.038959
1.038944
1.038929
1.038913
1.03889
1.038883
1.038868
1.038853
1.038829
1.038823
1.038808
1.038793
1.038769
1.038763
1.038748
1.038733
1.038718
1.038694
1.038688
1.038673
1.038658
1.038634
1.038628
1.038613
1.038598
1.038575
1.038568
1.038553
1.038539
1.038524
1.0385
1.038494
1.038479
1.038464
1.038441
1.038435
1.03842
1.038405
1.038382
1.038376
1.038361
1.038346
1.038332
1.038309
1.038302
1.038288
1.038273
1.03825
1.038244
1.038229
1.038215
1.038192
1.038185
1.038171
1.038156
1.038142
1.038119
1.038113
1.038098
1.038084
1.038061
1.038055
1.03804
1.038026
1.038003
1.037997
1.037982
1.037968
1.037953
1.037931
1.037925
1.03791
1.037896
1.037873
1.037867
1.037853
1.037839
1.037816
1.03781
1.037796
1.037781
1.037767
1.037745
1.037739
1.037724
1.03771
1.037688
1.037682
1.037668
1.037653
1.037631
1.037625
1.037611
1.037597
1.037583
1.03756
1.037555
1.03754
1.037526
1.037504
1.037498
1.037484
1.03747
1.037448
1.037442
1.037428
1.037414
1.0374
1.037378
1.037372
1.037358
1.037344
1.037322
1.037316
1.037302
1.037288
1.037266
1.037261
1.037247
1.037233
1.037219
1.037197
1.037191
1.037178
1.037164
1.037142
1.037136
1.037122
1.037109
1.037086
1.037081
1.037067
1.037054
1.03704
1.037018
1.037012
1.036999
1.036985
1.036963
1.036958
1.036944
1.03693
1.036909
1.036903
1.03689
1.036876
1.036862
1.036841
1.036835
1.036822
1.036808
1.036786
1.036781
1.036767
1.036754
1.036732
1.036727
1.036713
1.0367
1.036687
1.036665
1.03666
1.036646
1.036633
1.036611
1.036606
1.036593
1.036579
1.036558
1.036552
1.036539
1.036526
1.036512
1.036491
1.036486
1.036472
1.036459
1.036438
1.036433
1.036419
1.036406
1.036393
1.036371
1.036366
1.036353
1.03634
1.036319
1.036314
1.0363
1.036287
1.036266
1.036261
1.036248
1.036235
1.036222
1.0362
1.036195
1.036182
1.036169
1.036148
1.036143
1.03613
1.036117
1.036096
1.036091
1.036078
1.036065
1.036052
1.036031
1.036026
1.036013
1.036
1.035979
1.035974
1.035961
1.035948
1.035927
1.035922
1.035909
1.035896
1.035884
1.035863
1.035858
1.035845
1.035832
1.035811
1.035806
1.035794
1.035781
1.03576
1.035755
1.035743
1.03573
1.035717
1.035696
1.035691
1.035679
1.035666
1.035645
1.035641
1.035628
1.035615
1.035595
1.03559
1.035577
1.035565
1.035552
1.035531
1.035527
1.035514
1.035501
1.035481
1.035476
1.035464
1.035451
1.035431
1.035426
1.035413
1.035401
1.035388
1.035368
1.035363
1.035351
1.035338
1.035318
1.035313
1.035301
1.035288
1.035268
1.035264
1.035251
1.035239
1.035226
1.035206
1.035201
1.035189
1.035177
1.035156
1.035152
1.03514
1.035127
1.035107
1.035103
1.03509
1.035078
1.035066
1.035046
1.035041
1.035029
1.035017
1.034997
1.034992
1.03498
1.034968
1.034948
1.034943
1.034931
1.034919
1.034907
1.034887
1.034882
1.03487
1.034858
1.034838
1.034834
1.034822
1.034809
1.03479
1.034785
1.034773
1.034761
1.034749
1.034729
1.034725
1.034713
1.034701
1.034681
1.034677
1.034665
1.034653
1.034633
1.034629
1.034617
1.034605
1.034593
1.034573
1.034569
1.034557
1.034545
1.034525
1.034521
1.034509
1.034497
1.034478
1.034473
1.034461
1.03445
1.034438
1.034418
1.034414
1.034402
1.03439
1.034371
1.034367
1.034355
1.034343
1.034324
1.03432
1.034308
1.034296
1.034284
1.034265
1.034261
1.034249
1.034237
1.034218
1.034214
1.034202
1.034191
1.034171
1.034167
1.034155
1.034144
1.034132
1.034113
1.034109
1.034097
1.034086
1.034066
1.034062
1.034051
1.034039
1.03402
1.034016
1.034005
1.033993
1.033981
1.033962
1.033958
1.033947
1.033935
1.033916
1.033912
1.033901
1.033889
1.033878
1.033859
1.033855
1.033843
1.033832
1.033813
1.033809
1.033798
1.033786
1.033767
1.033763
1.033752
1.033741
1.033729
1.03371
1.033707
1.033695
1.033684
1.033665
1.033661
1.03365
1.033638
1.03362
1.033616
1.033605
1.033593
1.033582
1.033563
1.033559
1.033548
1.033537
1.033518
1.033514
1.033503
1.033492
1.033473
1.03347
1.033458
1.033447
1.033436
1.033417
1.033414
1.033403
1.033391
1.033373
1.033369
1.033358
1.033347
1.033328
1.033325
1.033314
1.033302
1.033291
1.033273
1.033269
1.033258
1.033247
1.033229
1.033225
1.033214
1.033203
1.033185
1.033181
1.03317
1.033159
1.033148
1.03313
1.033126
1.033115
1.033104
1.033086
1.033082
1.033071
1.03306
1.033042
1.033038
1.033028
1.033017
1.033006
1.032987
1.032984
1.032973
1.032962
1.032944
1.032941
1.03293
1.032919
1.032901
1.032897
1.032886
1.032876
1.032865
1.032847
1.032843
1.032832
1.032822
1.032804
1.0328
1.032789
1.032779
1.032761
1.032757
1.032746
1.032736
1.032725
1.032707
1.032704
1.032693
1.032682
1.032664
1.032661
1.03265
1.032639
1.032622
1.032618
1.032608
1.032597
1.032586
1.032568
1.032565
1.032554
1.032544
1.032526
1.032523
1.032512
1.032502
1.032484
1.03248
1.03247
1.032459
1.032449
1.032431
1.032428
1.032417
1.032407
1.032389
1.032386
1.032375
1.032365
1.032347
1.032344
1.032333
1.032323
1.032313
1.032295
1.032292
1.032281
1.032271
1.032253
1.03225
1.03224
1.032229
1.032212
1.032208
1.032198
1.032188
1.032177
1.03216
1.032157
1.032146
1.032136
1.032119
1.032115
1.032105
1.032095
1.032077
1.032074
1.032064
1.032054
1.032043
1.032026
1.032023
1.032013
1.032002
1.031985
1.031982
1.031972
1.031961
1.031944
1.031941
1.031931
1.031921
1.03191
1.031893
1.03189
1.03188
1.03187
1.031852
1.031849
1.031839
1.031829
1.031812
1.031809
1.031799
1.031789
1.031779
1.031761
1.031758
1.031748
1.031738
1.031721
1.031718
1.031708
1.031698
1.031681
1.031678
1.031668
1.031658
1.031648
1.031631
1.031628
1.031618
1.031608
1.031591
1.031588
1.031578
1.031568
1.031558
1.031541
1.031538
1.031528
1.031518
1.031501
1.031498
1.031488
1.031479
1.031462
1.031459
1.031449
1.031439
1.031429
1.031412
1.031409
1.031399
1.03139
1.031373
1.03137
1.03136
1.03135
1.031333
1.031331
1.031321
1.031311
1.031301
1.031284
1.031282
1.031272
1.031262
1.031245
1.031242
1.031233
1.031223
1.031206
1.031204
1.031194
1.031184
1.031174
1.031158
1.031155
1.031145
1.031135
1.031119
1.031116
1.031106
1.031097
1.03108
1.031077
1.031068
1.031058
1.031048
1.031032
1.031029
1.03102
1.03101
1.030993
1.030991
1.030981
1.030972
1.030955
1.030952
1.030943
1.030933
1.030924
1.030907
1.030905
1.030895
1.030885
1.030869
1.030866
1.030857
1.030847
1.030831
1.030828
1.030819
1.030809
1.0308
1.030784
1.030781
1.030771
1.030762
1.030746
1.030743
1.030734
1.030724
1.030708
1.030705
1.030696
1.030686
1.030677
1.030661
1.030658
1.030649
1.030639
1.030623
1.030621
1.030611
1.030602
1.030586
1.030583
1.030574
1.030565
1.030555
1.030539
1.030537
1.030527
1.030518
1.030502
1.030499
1.03049
1.030481
1.030465
1.030462
1.030453
1.030444
1.030434
1.030418
1.030416
1.030406
1.030397
1.030381
1.030379
1.03037
1.03036
1.030344
1.030342
1.030333
1.030324
1.030314
1.030298
1.030296
1.030287
1.030278
1.030262
1.030259
1.03025
1.030241
1.030225
1.030223
1.030214
1.030205
1.030195
1.03018
1.030177
1.030168
1.030159
1.030143
1.030141
1.030132
1.030123
1.030107
1.030105
1.030095
1.030086
1.030077
1.030062
1.030059
1.03005
1.030041
1.030025
1.030023
1.030014
1.030005
1.029989
1.029987
1.029978
1.029969
1.02996
1.029945
1.029942
1.029933
1.029924
1.029909
1.029906
1.029897
1.029889
1.029873
1.029871
1.029862
1.029853
1.029844
1.029828
1.029826
1.029817
1.029808
1.029793
1.029791
1.029782
1.029773
1.029757
1.029755
1.029746
1.029737
1.029729
1.029713
1.029711
1.029702
1.029693
1.029678
1.029676
1.029667
1.029658
1.029649
1.029634
1.029632
1.029623
1.029614
1.029599
1.029597
1.029588
1.029579
1.029564
1.029562
1.029553
1.029544
1.029535
1.02952
1.029518
1.029509
1.029501
1.029485
1.029483
1.029474
1.029466
1.029451
1.029449
1.02944
1.029431
1.029423
1.029407
1.029405
1.029397
1.029388
1.029373
1.029371
1.029362
1.029353
1.029338
1.029336
1.029328
1.029319
1.02931
1.029295
1.029293
1.029285
1.029276
1.029261
1.029259
1.02925
1.029242
1.029227
1.029225
1.029216
1.029208
1.029199
1.029184
1.029182
1.029174
1.029165
1.02915
1.029148
1.02914
1.029131
1.029116
1.029114
1.029106
1.029097
1.029089
1.029074
1.029072
1.029063
1.029055
1.02904
1.029038
1.02903
1.029021
1.029006
1.029004
1.028996
1.028988
1.028979
1.028964
1.028962
1.028954
1.028946
1.028931
1.028929
1.02892
1.028912
1.028897
1.028895
1.028887
1.028879
1.02887
1.028856
1.028854
1.028845
1.028837
1.028822
1.02882
1.028812
1.028804
1.028789
1.028787
1.028779
1.028771
1.028762
1.028748
1.028746
1.028738
1.028729
1.028715
1.028713
1.028705
1.028696
1.028682
1.02868
1.028672
1.028664
1.028655
1.028641
1.028639
1.028631
1.028623
1.028608
1.028606
1.028598
1.02859
1.028575
1.028573
1.028565
1.028557
1.028549
1.028534
1.028533
1.028525
1.028516
1.028502
1.0285
1.028492
1.028484
1.028469
1.028468
1.02846
1.028451
1.028443
1.028429
1.028427
1.028419
1.028411
1.028397
1.028395
1.028387
1.028379
1.028364
1.028363
1.028355
1.028347
1.028339
1.028324
1.028323
1.028315
1.028306
1.028292
1.028291
1.028283
1.028275
1.02826
1.028259
1.028251
1.028243
1.028235
1.02822
1.028219
1.028211
1.028203
1.028188
1.028187
1.028179
1.028171
1.028157
1.028155
1.028147
1.028139
1.028131
1.028117
1.028116
1.028108
1.0281
1.028086
1.028084
1.028076
1.028068
1.028054
1.028052
1.028045
1.028037
1.028029
1.028015
1.028013
1.028005
1.027997
1.027983
1.027982
1.027974
1.027966
1.027958
1.027944
1.027943
1.027935
1.027927
1.027913
1.027912
1.027904
1.027896
1.027882
1.02788
1.027873
1.027865
1.027857
1.027843
1.027842
1.027834
1.027826
1.027812
1.027811
1.027803
1.027795
1.027781
1.02778
1.027772
1.027764
1.027757
1.027743
1.027741
1.027733
1.027726
1.027712
1.02771
1.027703
1.027695
1.027681
1.02768
1.027672
1.027664
1.027657
1.027643
1.027642
1.027634
1.027626
1.027612
1.027611
1.027603
1.027596
1.027582
1.02758
1.027573
1.027565
1.027558
1.027544
1.027542
1.027535
1.027527
1.027514
1.027512
1.027505
1.027497
1.027483
1.027482
1.027474
1.027467
1.027459
1.027446
1.027444
1.027437
1.027429
1.027416
1.027414
1.027407
1.027399
1.027386
1.027384
1.027377
1.027369
1.027362
1.027348
1.027347
1.027339
1.027332
1.027318
1.027317
1.027309
1.027302
1.027288
1.027287
1.02728
1.027272
1.027265
1.027251
1.02725
1.027242
1.027235
1.027222
1.02722
1.027213
1.027205
1.027192
1.027191
1.027183
1.027176
1.027168
1.027155
1.027154
1.027146
1.027139
1.027125
1.027124
1.027117
1.02711
1.027096
1.027095
1.027087
1.02708
1.027073
1.027059
1.027058
1.027051
1.027043
1.02703
1.027029
1.027022
1.027014
1.027001
1.027
1.026992
1.026985
1.026978
1.026965
1.026963
1.026956
1.026949
1.026935
1.026934
1.026927
1.02692
1.026906
1.026905
1.026898
1.026891
1.026884
1.02687
1.026869
1.026862
1.026855
1.026842
1.02684
1.026833
1.026826
1.026813
1.026811
1.026804
1.026797
1.02679
1.026783
1.026776
1.026757
1.026761
1.026754
1.026747
1.02674
1.026733
1.026726
1.026718
1.026711
1.026692
1.026697
1.02669
1.026683
1.026676
1.026669
1.026661
1.026654
1.026635
1.02664
1.026633
1.026626
1.026619
1.026612
1.026605
1.026597
1.02659
1.026572
1.026576
1.026569
1.026562
1.026555
1.026548
1.026541
1.026534
1.026527
1.026508
1.026513
1.026506
1.026499
1.026492
1.026485
1.026478
1.026471
1.026452
1.026457
1.02645
1.026443
1.026436
1.026429
1.026422
1.026415
1.026408
1.026389
1.026394
1.026387
1.02638
1.026373
1.026366
1.026359
1.026352
1.026345
1.026327
1.026331
1.026325
1.026318
1.026311
1.026304
1.026297
1.02629
1.026271
1.026276
1.026269
1.026262
1.026255
1.026248
1.026242
1.026235
1.026228
1.026209
1.026214
1.026207
1.0262
1.026193
1.026187
1.02618
1.026173
1.026166
1.026148
1.026152
1.026146
1.026139
1.026132
1.026125
1.026118
1.026111
1.026093
1.026098
1.026091
1.026084
1.026077
1.026071
1.026064
1.026057
1.02605
1.026032
1.026037
1.02603
1.026023
1.026016
1.02601
1.026003
1.025996
1.025989
1.025971
1.025976
1.025969
1.025962
1.025956
1.025949
1.025942
1.025935
1.025917
1.025922
1.025915
1.025908
1.025902
1.025895
1.025888
1.025882
1.025875
1.025857
1.025862
1.025855
1.025848
1.025842
1.025835
1.025828
1.025822
1.025815
1.025797
1.025802
1.025795
1.025788
1.025782
1.025775
1.025768
1.025762
1.025744
1.025748
1.025742
1.025735
1.025729
1.025722
1.025715
1.025709
1.025702
1.025684
1.025689
1.025682
1.025676
1.025669
1.025663
1.025656
1.025649
1.025643
1.025625
1.02563
1.025623
1.025617
1.02561
1.025603
1.025597
1.02559
1.025584
1.025566
1.025571
1.025564
1.025558
1.025551
1.025545
1.025538
1.025531
1.025514
1.025518
1.025512
1.025505
1.025499
1.025492
1.025486
1.025479
1.025473
1.025455
1.02546
1.025453
1.025447
1.025441
1.025434
1.025428
1.025421
1.025415
1.025397
1.025402
1.025395
1.025389
1.025382
1.025376
1.02537
1.025363
1.025345
1.02535
1.025344
1.025337
1.025331
1.025325
1.025318
1.025312
1.025305
1.025288
1.025293
1.025286
1.02528
1.025273
1.025267
1.025261
1.025254
1.025248
1.02523
1.025235
1.025229
1.025222
1.025216
1.02521
1.025203
1.025197
1.025179
1.025184
1.025178
1.025172
1.025165
1.025159
1.025153
1.025146
1.02514
1.025122
1.025127
1.025121
1.025115
1.025108
1.025102
1.025096
1.02509
1.025083
1.025066
1.025071
1.025064
1.025058
1.025052
1.025046
1.025039
1.025033
1.025016
1.02502
1.025014
1.025008
1.025002
1.024995
1.024989
1.024983
1.024977
1.024959
1.024964
1.024958
1.024952
1.024945
1.024939
1.024933
1.024927
1.024921
1.024903
1.024908
1.024902
1.024896
1.02489
1.024884
1.024877
1.024871
1.024854
1.024859
1.024853
1.024846
1.02484
1.024834
1.024828
1.024822
1.024816
1.024798
1.024803
1.024797
1.024791
1.024785
1.024779
1.024773
1.024766
1.02476
1.024743
1.024748
1.024742
1.024736
1.02473
1.024724
1.024717
1.024711
1.024694
1.024699
1.024693
1.024687
1.024681
1.024675
1.024669
1.024663
1.024657
1.024639
1.024644
1.024638
1.024632
1.024626
1.02462
1.024614
1.024608
1.024602
1.024585
1.02459
1.024584
1.024578
1.024572
1.024566
1.02456
1.024554
1.024537
1.024541
1.024536
1.024529
1.024523
1.024517
1.024511
1.024505
1.024499
1.024482
1.024487
1.024481
1.024475
1.024469
1.024464
1.024457
1.024451
1.024446
1.024429
1.024434
1.024428
1.024422
1.024416
1.02441
1.024404
1.024398
1.024392
1.024375
1.02438
1.024374
1.024368
1.024362
1.024356
1.02435
1.024344
1.024328
1.024333
1.024327
1.024321
1.024315
1.024309
1.024303
1.024297
1.024291
1.024274
1.024279
1.024274
1.024268
1.024262
1.024256
1.02425
1.024244
1.024238
1.024222
1.024226
1.024221
1.024215
1.024209
1.024203
1.024197
1.024191
1.024175
1.02418
1.024174
1.024168
1.024162
1.024156
1.02415
1.024145
1.024139
1.024122
1.024127
1.024121
1.024115
1.02411
1.024104
1.024098
1.024092
1.024086
1.02407
1.024075
1.024069
1.024063
1.024057
1.024052
1.024046
1.02404
1.024024
1.024029
1.024023
1.024017
1.024011
1.024005
1.024
1.023994
1.023988
1.023972
1.023977
1.023971
1.023965
1.023959
1.023954
1.023948
1.023942
1.023937
1.02392
1.023925
1.023919
1.023914
1.023908
1.023902
1.023896
1.023891
1.023874
1.023879
1.023874
1.023868
1.023862
1.023857
1.023851
1.023845
1.023839
1.023823
1.023828
1.023822
1.023817
1.023811
1.023805
1.0238
1.023794
1.023788
1.023772
1.023777
1.023772
1.023766
1.02376
1.023755
1.023749
1.023743
1.023727
1.023732
1.023726
1.023721
1.023715
1.02371
1.023704
1.023698
1.023693
1.023677
1.023681
1.023676
1.02367
1.023665
1.023659
1.023653
1.023648
1.023642
1.023626
1.023631
1.023625
1.02362
1.023614
1.023609
1.023603
1.023598
1.023582
1.023587
1.023581
1.023575
1.02357
1.023564
1.023559
1.023553
1.023548
1.023532
1.023537
1.023531
1.023525
1.02352
1.023514
1.023509
1.023503
1.023498
1.023482
1.023487
1.023481
1.023476
1.02347
1.023465
1.023459
1.023454
1.023438
1.023443
1.023437
1.023432
1.023426
1.023421
1.023415
1.02341
1.023404
1.023388
1.023393
1.023388
1.023382
1.023377
1.023371
1.023366
1.023361
1.023355
1.023339
1.023344
1.023339
1.023333
1.023328
1.023322
1.023317
1.023312
1.023296
1.023301
1.023295
1.02329
1.023284
1.023279
1.023274
1.023268
1.023263
1.023247
1.023252
1.023247
1.023241
1.023236
1.02323
1.023225
1.02322
1.023214
1.023198
1.023203
1.023198
1.023193
1.023187
1.023182
1.023177
1.023171
1.023166
1.02315
1.023155
1.02315
1.023144
1.023139
1.023134
1.023128
1.023123
1.023107
1.023112
1.023107
1.023102
1.023096
1.023091
1.023086
1.02308
1.023075
1.023059
1.023064
1.023059
1.023054
1.023048
1.023043
1.023038
1.023032
1.023027
1.023012
1.023016
1.023011
1.023006
1.023001
1.022995
1.02299
1.022985
1.022969
1.022974
1.022969
1.022964
1.022958
1.022953
1.022948
1.022943
1.022937
1.022922
1.022927
1.022922
1.022916
1.022911
1.022906
1.022901
1.022895
1.02289
1.022875
1.02288
1.022874
1.022869
1.022864
1.022859
1.022853
1.022848
1.022833
1.022838
1.022833
1.022827
1.022822
1.022817
1.022812
1.022807
1.022801
1.022786
1.022791
1.022786
1.022781
1.022775
1.02277
1.022765
1.02276
1.022755
1.022739
1.022744
1.022739
1.022734
1.022729
1.022724
1.022718
1.022713
1.022698
1.022703
1.022698
1.022693
1.022688
1.022682
1.022677
1.022672
1.022667
1.022652
1.022657
1.022652
1.022646
1.022641
1.022636
1.022631
1.022626
1.022621
1.022606
1.022611
1.022605
1.0226
1.022595
1.02259
1.022585
1.02258
1.022565
1.02257
1.022565
1.02256
1.022555
1.022549
1.022544
1.022539
1.022534
1.022519
1.022524
1.022519
1.022514
1.022509
1.022504
1.022499
1.022494
1.022489
1.022473
1.022478
1.022473
1.022468
1.022463
1.022458
1.022453
1.022448
1.022433
1.022438
1.022433
1.022428
1.022423
1.022418
1.022413
1.022408
1.022403
1.022388
1.022393
1.022388
1.022383
1.022378
1.022373
1.022368
1.022363
1.022358
1.022343
1.022348
1.022343
1.022338
1.022333
1.022328
1.022323
1.022318
1.022303
1.022308
1.022303
1.022298
1.022293
1.022288
1.022283
1.022278
1.022273
1.022258
1.022263
1.022258
1.022253
1.022248
1.022243
1.022238
1.022234
1.022229
1.022214
1.022219
1.022214
1.022209
1.022204
1.022199
1.022194
1.022189
1.022174
1.022179
1.022174
1.022169
1.022165
1.02216
1.022155
1.02215
1.022145
1.02213
1.022135
1.02213
1.022125
1.02212
1.022116
1.022111
1.022106
1.022101
1.022086
1.022091
1.022086
1.022081
1.022076
1.022072
1.022067
1.022062
1.022057
1.022042
1.022047
1.022042
1.022038
1.022033
1.022028
1.022023
1.022018
1.022004
1.022009
1.022004
1.021999
1.021994
1.021989
1.021984
1.021979
1.021975
1.02196
1.021965
1.02196
1.021955
1.02195
1.021946
1.021941
1.021936
1.021931
1.021917
1.021922
1.021917
1.021912
1.021907
1.021902
1.021898
1.021893
1.021878
1.021883
1.021878
1.021874
1.021869
1.021864
1.021859
1.021855
1.02185
1.021835
1.02184
1.021835
1.021831
1.021826
1.021821
1.021816
1.021812
1.021807
1.021792
1.021797
1.021793
1.021788
1.021783
1.021778
1.021774
1.021769
1.021755
1.02176
1.021755
1.02175
1.021745
1.021741
1.021736
1.021731
1.021726
1.021712
1.021717
1.021712
1.021708
1.021703
1.021698
1.021693
1.021689
1.021684
1.02167
1.021675
1.02167
1.021665
1.02166
1.021656
1.021651
1.021646
1.021632
1.021637
1.021632
1.021628
1.021623
1.021618
1.021614
1.021609
1.021604
1.02159
1.021595
1.02159
1.021586
1.021581
1.021576
1.021572
1.021567
1.021562
1.021548
1.021553
1.021549
1.021544
1.021539
1.021535
1.02153
1.021525
1.021511
1.021516
1.021511
1.021507
1.021502
1.021497
1.021493
1.021488
1.021484
1.021469
1.021474
1.02147
1.021465
1.021461
1.021456
1.021451
1.021447
1.021442
1.021428
1.021433
1.021428
1.021424
1.021419
1.021415
1.02141
1.021405
1.021391
1.021396
1.021392
1.021387
1.021383
1.021378
1.021374
1.021369
1.021364
1.02135
1.021355
1.021351
1.021346
1.021342
1.021337
1.021333
1.021328
1.021323
1.021309
1.021314
1.02131
1.021305
1.021301
1.021296
1.021292
1.021287
1.021273
1.021278
1.021273
1.021269
1.021264
1.02126
1.021255
1.021251
1.021246
1.021232
1.021237
1.021233
1.021228
1.021224
1.021219
1.021215
1.02121
1.021206
1.021192
1.021197
1.021192
1.021188
1.021183
1.021179
1.021174
1.02117
1.021165
1.021152
1.021156
1.021152
1.021147
1.021143
1.021139
1.021134
1.02113
1.021116
1.021121
1.021116
1.021112
1.021107
1.021103
1.021098
1.021094
1.02109
1.021076
1.021081
1.021076
1.021072
1.021067
1.021063
1.021058
1.021054
1.02105
1.021036
1.021041
1.021036
1.021032
1.021027
1.021023
1.021019
1.021014
1.021
1.021005
1.021001
1.020997
1.020992
1.020988
1.020983
1.020979
1.020975
1.020961
1.020966
1.020961
1.020957
1.020953
1.020948
1.020944
1.020939
1.020935
1.020921
1.020926
1.020922
1.020918
1.020913
1.020909
1.020904
1.0209
1.020886
1.020891
1.020887
1.020882
1.020878
1.020874
1.020869
1.020865
1.020861
1.020847
1.020852
1.020848
1.020843
1.020839
1.020835
1.02083
1.020826
1.020822
1.020808
1.020813
1.020809
1.020804
1.0208
1.020796
1.020791
1.020787
1.020774
1.020778
1.020774
1.02077
1.020765
1.020761
1.020757
1.020753
1.020748
1.020735
1.02074
1.020735
1.020731
1.020727
1.020722
1.020718
1.020714
1.02071
1.020696
1.020701
1.020697
1.020692
1.020688
1.020684
1.02068
1.020675
1.020662
1.020667
1.020663
1.020658
1.020654
1.02065
1.020645
1.020641
1.020637
1.020623
1.020628
1.020624
1.02062
1.020616
1.020611
1.020607
1.020603
1.020599
1.020585
1.02059
1.020586
1.020582
1.020577
1.020573
1.020569
1.020565
1.020551
1.020556
1.020552
1.020548
1.020544
1.020539
1.020535
1.020531
1.020527
1.020513
1.020518
1.020514
1.02051
1.020506
1.020501
1.020497
1.020493
1.020489
1.020476
1.020481
1.020476
1.020472
1.020468
1.020464
1.02046
1.020455
1.020442
1.020447
1.020443
1.020439
1.020434
1.02043
1.020426
1.020422
1.020418
1.020405
1.020409
1.020405
1.020401
1.020397
1.020393
1.020389
1.020385
1.02038
1.020367
1.020372
1.020368
1.020364
1.02036
1.020355
1.020351
1.020347
1.020334
1.020339
1.020335
1.020331
1.020326
1.020322
1.020318
1.020314
1.02031
1.020297
1.020302
1.020298
1.020293
1.020289
1.020285
1.020281
1.020277
1.020273
1.02026
1.020265
1.020261
1.020257
1.020252
1.020248
1.020244
1.02024
1.020236
1.020223
1.020228
1.020224
1.02022
1.020216
1.020211
1.020207
1.020203
1.02019
1.020195
1.020191
1.020187
1.020183
1.020179
1.020175
1.020171
1.020167
1.020154
1.020159
1.020154
1.02015
1.020146
1.020142
1.020138
1.020134
1.02013
1.020117
1.020122
1.020118
1.020114
1.02011
1.020106
1.020102
1.020098
1.020085
1.02009
1.020086
1.020082
1.020078
1.020074
1.020069
1.020066
1.020061
1.020048
1.020053
1.020049
1.020045
1.020041
1.020037
1.020033
1.020029
1.020025
1.020012
1.020017
1.020013
1.020009
1.020005
1.020001
1.019997
1.019993
1.01998
1.019985
1.019981
1.019977
1.019973
1.019969
1.019965
1.019961
1.019957
1.019945
1.019949
1.019945
1.019941
1.019938
1.019933
1.01993
1.019926
1.019922
1.019909
1.019914
1.01991
1.019906
1.019902
1.019898
1.019894
1.01989
1.019877
1.019882
1.019878
1.019874
1.01987
1.019866
1.019862
1.019858
1.019854
1.019842
1.019846
1.019843
1.019839
1.019835
1.019831
1.019827
1.019823
1.019819
1.019806
1.019811
1.019807
1.019803
1.019799
1.019795
1.019791
1.019788
1.019775
1.01978
1.019776
1.019772
1.019768
1.019764
1.01976
1.019756
1.019752
1.01974
1.019745
1.019741
1.019737
1.019733
1.019729
1.019725
1.019721
1.019717
1.019705
1.01971
1.019706
1.019702
1.019698
1.019694
1.01969
1.019686
1.019674
1.019679
1.019675
1.019671
1.019667
1.019663
1.019659
1.019655
1.019652
1.019639
1.019644
1.01964
1.019636
1.019632
1.019628
1.019624
1.019621
1.019617
1.019604
1.019609
1.019605
1.019601
1.019598
1.019594
1.01959
1.019586
1.019573
1.019578
1.019575
1.019571
1.019567
1.019563
1.019559
1.019555
1.019552
1.019539
1.019544
1.01954
1.019536
1.019532
1.019529
1.019525
1.019521
1.019517
1.019505
1.01951
1.019506
1.019502
1.019498
1.019494
1.019491
1.019487
1.019474
1.019479
1.019475
1.019472
1.019468
1.019464
1.01946
1.019457
1.019453
1.01944
1.019445
1.019441
1.019438
1.019434
1.01943
1.019426
1.019423
1.019419
1.019406
1.019411
1.019407
1.019404
1.0194
1.019396
1.019392
1.019389
1.019385
1.019372
1.019377
1.019374
1.01937
1.019366
1.019362
1.019359
1.019355
1.019342
1.019347
1.019344
1.01934
1.019336
1.019332
1.019329
1.019325
1.019321
1.019309
1.019314
1.01931
1.019306
1.019302
1.019299
1.019295
1.019291
1.019288
1.019275
1.01928
1.019276
1.019273
1.019269
1.019265
1.019262
1.019258
1.019246
1.019251
1.019247
1.019243
1.019239
1.019236
1.019232
1.019228
1.019225
1.019212
1.019217
1.019214
1.01921
1.019206
1.019202
1.019199
1.019195
1.019191
1.019179
1.019184
1.01918
1.019177
1.019173
1.019169
1.019166
1.019162
1.01915
1.019155
1.019151
1.019147
1.019144
1.01914
1.019136
1.019133
1.019129
1.019117
1.019122
1.019118
1.019114
1.019111
1.019107
1.019103
1.0191
1.019096
1.019084
1.019089
1.019085
1.019082
1.019078
1.019074
1.019071
1.019067
1.019055
1.01906
1.019056
1.019053
1.019049
1.019045
1.019042
1.019038
1.019034
1.019022
1.019027
1.019023
1.01902
1.019016
1.019013
1.019009
1.019005
1.019002
1.01899
1.018995
1.018991
1.018987
1.018984
1.01898
1.018977
1.018973
1.018961
1.018966
1.018962
1.018959
1.018955
1.018951
1.018948
1.018944
1.018941
1.018929
1.018933
1.01893
1.018926
1.018923
1.018919
1.018916
1.018912
1.018908
1.018896
1.018901
1.018898
1.018894
1.018891
1.018887
1.018883
1.01888
1.018868
1.018873
1.018869
1.018866
1.018862
1.018858
1.018855
1.018851
1.018848
1.018836
1.018841
1.018837
1.018834
1.01883
1.018826
1.018823
1.018819
1.018816
1.018804
1.018809
1.018805
1.018802
1.018798
1.018795
1.018791
1.018788
1.018776
1.018781
1.018777
1.018773
1.01877
1.018766
1.018763
1.018759
1.018756
1.018744
1.018749
1.018745
1.018742
1.018738
1.018735
1.018731
1.018728
1.018724
1.018712
1.018717
1.018714
1.01871
1.018707
1.018703
1.0187
1.018696
1.018693
1.018681
1.018686
1.018682
1.018679
1.018675
1.018672
1.018668
1.018665
1.018653
1.018658
1.018654
1.018651
1.018647
1.018644
1.018641
1.018637
1.018634
1.018622
1.018627
1.018623
1.01862
1.018616
1.018613
1.018609
1.018606
1.018602
1.018591
1.018595
1.018592
1.018589
1.018585
1.018582
1.018578
1.018575
1.018563
1.018568
1.018564
1.018561
1.018558
1.018554
1.018551
1.018547
1.018544
1.018532
1.018537
1.018533
1.01853
1.018527
1.018523
1.01852
1.018516
1.018513
1.018501
1.018506
1.018503
1.018499
1.018496
1.018492
1.018489
1.018485
1.018474
1.018479
1.018475
1.018472
1.018468
1.018465
1.018462
1.018458
1.018455
1.018443
1.018448
1.018445
1.018441
1.018438
1.018434
1.018431
1.018427
1.018424
1.018413
1.018417
1.018414
1.018411
1.018407
1.018404
1.0184
1.018397
1.018386
1.01839
1.018387
1.018384
1.01838
1.018377
1.018373
1.01837
1.018367
1.018355
1.01836
1.018357
1.018353
1.01835
1.018346
1.018343
1.01834
1.018336
1.018325
1.01833
1.018326
1.018323
1.018319
1.018316
1.018313
1.018309
1.018298
1.018303
1.018299
1.018296
1.018293
1.018289
1.018286
1.018283
1.018279
1.018268
1.018273
1.018269
1.018266
1.018263
1.018259
1.018256
1.018253
1.018249
1.018238
1.018243
1.018239
1.018236
1.018233
1.018229
1.018226
1.018223
1.018211
1.018216
1.018213
1.018209
1.018206
1.018203
1.0182
1.018196
1.018193
1.018181
1.018186
1.018183
1.01818
1.018176
1.018173
1.01817
1.018166
1.018163
1.018152
1.018157
1.018153
1.01815
1.018147
1.018143
1.01814
1.018137
1.018125
1.01813
1.018127
1.018124
1.01812
1.018117
1.018114
1.018111
1.018107
1.018096
1.018101
1.018097
1.018094
1.018091
1.018088
1.018084
1.018081
1.018078
1.018067
1.018071
1.018068
1.018065
1.018061
1.018058
1.018055
1.018052
1.01804
1.018045
1.018042
1.018039
1.018035
1.018032
1.018029
1.018026
1.018022
1.018011
1.018016
1.018013
1.018009
1.018006
1.018003
1.018
1.017996
1.017993
1.017982
1.017987
1.017984
1.01798
1.017977
1.017974
1.017971
1.017967
1.017964
1.017953
1.017958
1.017954
1.017951
1.017948
1.017945
1.017942
1.017938
1.017927
1.017932
1.017929
1.017926
1.017922
1.017919
1.017916
1.017913
1.017909
1.017898
1.017903
1.0179
1.017897
1.017893
1.01789
1.017887
1.017884
1.017881
1.017869
1.017874
1.017871
1.017868
1.017865
1.017861
1.017858
1.017855
1.017844
1.017849
1.017846
1.017842
1.017839
1.017836
1.017833
1.01783
1.017826
1.017815
1.01782
1.017817
1.017814
1.017811
1.017807
1.017804
1.017801
1.017798
1.017787
1.017792
1.017788
1.017785
1.017782
1.017779
1.017776
1.017773
1.017761
1.017766
1.017763
1.01776
1.017757
1.017754
1.017751
1.017747
1.017744
1.017733
1.017738
1.017735
1.017732
1.017728
1.017725
1.017722
1.017719
1.017716
1.017705
1.01771
1.017707
1.017703
1.0177
1.017697
1.017694
1.017691
1.01768
1.017685
1.017681
1.017678
1.017675
1.017672
1.017669
1.017666
1.017663
1.017652
1.017656
1.017653
1.01765
1.017647
1.017644
1.017641
1.017638
1.017635
1.017624
1.017628
1.017625
1.017622
1.017619
1.017616
1.017613
1.01761
1.017599
1.017604
1.017601
1.017597
1.017594
1.017591
1.017588
1.017585
1.017582
1.017571
1.017576
1.017573
1.01757
1.017567
1.017563
1.01756
1.017557
1.017554
1.017543
1.017548
1.017545
1.017542
1.017539
1.017536
1.017533
1.01753
1.017519
1.017523
1.01752
1.017517
1.017514
1.017511
1.017508
1.017505
1.017502
1.017491
1.017496
1.017493
1.01749
1.017487
1.017484
1.017481
1.017478
1.017474
1.017464
1.017468
1.017465
1.017462
1.017459
1.017456
1.017453
1.01745
1.017439
1.017444
1.017441
1.017438
1.017435
1.017432
1.017429
1.017426
1.017423
1.017412
1.017417
1.017414
1.017411
1.017408
1.017405
1.017401
1.017398
1.017395
1.017385
1.017389
1.017386
1.017383
1.01738
1.017377
1.017374
1.017371
1.01736
1.017365
1.017362
1.017359
1.017356
1.017353
1.01735
1.017347
1.017344
1.017333
1.017338
1.017335
1.017332
1.017329
1.017326
1.017323
1.01732
1.017317
1.017306
1.017311
1.017308
1.017305
1.017302
1.017299
1.017296
1.017293
1.01729
1.01728
1.017284
1.017281
1.017278
1.017275
1.017272
1.017269
1.017266
1.017256
1.01726
1.017257
1.017254
1.017251
1.017248
1.017245
1.017242
1.017239
1.017229
1.017233
1.017231
1.017228
1.017225
1.017222
1.017219
1.017216
1.017213
1.017202
1.017207
1.017204
1.017201
1.017198
1.017195
1.017192
1.017189
1.017179
1.017183
1.01718
1.017177
1.017174
1.017171
1.017168
1.017166
1.017163
1.017152
1.017157
1.017154
1.017151
1.017148
1.017145
1.017142
1.017139
1.017136
1.017125
1.01713
1.017127
1.017124
1.017121
1.017118
1.017116
1.017113
1.017102
1.017107
1.017104
1.017101
1.017098
1.017095
1.017092
1.017089
1.017086
1.017076
1.01708
1.017078
1.017075
1.017072
1.017069
1.017066
1.017063
1.01706
1.01705
1.017054
1.017051
1.017048
1.017045
1.017043
1.01704
1.017037
1.017026
1.017031
1.017028
1.017025
1.017022
1.017019
1.017017
1.017014
1.017011
1.017
1.017005
1.017002
1.016999
1.016996
1.016993
1.016991
1.016988
1.016985
1.016974
1.016979
1.016976
1.016973
1.01697
1.016967
1.016965
1.016962
1.016951
1.016956
1.016953
1.01695
1.016947
1.016944
1.016942
1.016939
1.016936
1.016925
1.01693
1.016927
1.016924
1.016922
1.016919
1.016916
1.016913
1.01691
1.0169
1.016904
1.016901
1.016899
1.016896
1.016893
1.01689
1.016887
1.016877
1.016882
1.016879
1.016876
1.016873
1.01687
1.016867
1.016864
1.016862
1.016851
1.016856
1.016853
1.01685
1.016847
1.016845
1.016842
1.016839
1.016836
1.016826
1.01683
1.016828
1.016825
1.016822
1.016819
1.016816
1.016813
1.016803
1.016808
1.016805
1.016802
1.016799
1.016796
1.016794
1.016791
1.016788
1.016778
1.016782
1.01678
1.016777
1.016774
1.016771
1.016768
1.016765
1.016763
1.016752
1.016757
1.016754
1.016751
1.016749
1.016746
1.016743
1.01674
1.016737
1.016727
1.016732
1.016729
1.016726
1.016723
1.016721
1.016718
1.016715
1.016705
1.016709
1.016707
1.016704
1.016701
1.016698
1.016695
1.016693
1.01669
1.01668
1.016684
1.016682
1.016679
1.016676
1.016673
1.01667
1.016668
1.016665
1.016655
1.016659
1.016657
1.016654
1.016651
1.016648
1.016646
1.016643
1.016633
1.016637
1.016634
1.016632
1.016629
1.016626
1.016623
1.016621
1.016618
1.016608
1.016612
1.01661
1.016607
1.016604
1.016601
1.016599
1.016596
1.016593
1.016583
1.016587
1.016585
1.016582
1.016579
1.016577
1.016574
1.016571
1.016561
1.016566
1.016563
1.01656
1.016557
1.016555
1.016552
1.016549
1.016546
1.016536
1.016541
1.016538
1.016535
1.016533
1.01653
1.016527
1.016524
1.016522
1.016512
1.016516
1.016514
1.016511
1.016508
1.016505
1.016503
1.0165
1.01649
1.016495
1.016492
1.016489
1.016486
1.016484
1.016481
1.016478
1.016475
1.016465
1.01647
1.016467
1.016465
1.016462
1.016459
1.016456
1.016454
1.016451
1.016441
1.016446
1.016443
1.01644
1.016438
1.016435
1.016432
1.016429
1.016419
1.016424
1.016421
1.016419
1.016416
1.016413
1.016411
1.016408
1.016405
1.016395
1.0164
1.016397
1.016394
1.016392
1.016389
1.016386
1.016384
1.016381
1.016371
1.016376
1.016373
1.01637
1.016368
1.016365
1.016362
1.01636
1.01635
1.016354
1.016352
1.016349
1.016346
1.016344
1.016341
1.016338
1.016335
1.016326
1.01633
1.016328
1.016325
1.016322
1.01632
1.016317
1.016314
1.016312
1.016302
1.016306
1.016304
1.016301
1.016298
1.016296
1.016293
1.01629
1.01628
1.016285
1.016282
1.01628
1.016277
1.016274
1.016272
1.016269
1.016266
1.016257
1.016261
1.016258
1.016256
1.016253
1.016251
1.016248
1.016245
1.016243
1.016233
1.016237
1.016235
1.016232
1.01623
1.016227
1.016224
1.016222
1.016212
1.016216
1.016214
1.016211
1.016208
1.016206
1.016203
1.016201
1.016198
1.016188
1.016193
1.01619
1.016187
1.016185
1.016182
1.01618
1.016177
1.016174
1.016165
1.016169
1.016167
1.016164
1.016161
1.016159
1.016156
1.016153
1.016151
1.016141
1.016146
1.016143
1.01614
1.016138
1.016135
1.016133
1.01613
1.01612
1.016125
1.016122
1.01612
1.016117
1.016114
1.016112
1.016109
1.016107
1.016097
1.016101
1.016099
1.016096
1.016094
1.016091
1.016088
1.016086
1.016083
1.016074
1.016078
1.016076
1.016073
1.01607
1.016068
1.016065
1.016063
1.016053
1.016057
1.016055
1.016052
1.01605
1.016047
1.016045
1.016042
1.016039
1.01603
1.016034
1.016032
1.016029
1.016027
1.016024
1.016021
1.016019
1.016016
1.016007
1.016011
1.016009
1.016006
1.016003
1.016001
1.015998
1.015996
1.015986
1.015991
1.015988
1.015986
1.015983
1.01598
1.015978
1.015975
1.015973
1.015963
1.015968
1.015965
1.015963
1.01596
1.015958
1.015955
1.015952
1.01595
1.01594
1.015945
1.015942
1.01594
1.015937
1.015935
1.015932
1.01593
1.01592
1.015925
1.015922
1.015919
1.015917
1.015914
1.015912
1.015909
1.015907
1.015897
1.015902
1.015899
1.015897
1.015894
1.015892
1.015889
1.015887
1.015884
1.015875
1.015879
1.015877
1.015874
1.015872
1.015869
1.015866
1.015864
1.015854
1.015859
1.015856
1.015854
1.015851
1.015849
1.015846
1.015844
1.015841
1.015832
1.015836
1.015834
1.015831
1.015829
1.015826
1.015824
1.015821
1.015819
1.015809
1.015814
1.015811
1.015809
1.015806
1.015804
1.015801
1.015799
1.015789
1.015794
1.015791
1.015789
1.015786
1.015784
1.015781
1.015779
1.015776
1.015767
1.015771
1.015769
1.015766
1.015764
1.015761
1.015759
1.015756
1.015754
1.015744
1.015749
1.015746
1.015744
1.015742
1.015739
1.015737
1.015734
1.015725
1.015729
1.015727
1.015724
1.015722
1.015719
1.015717
1.015714
1.015712
1.015702
1.015707
1.015705
1.015702
1.0157
1.015697
1.015695
1.015692
1.01569
1.01568
1.015685
1.015682
1.01568
1.015677
1.015675
1.015672
1.01567
1.015661
1.015665
1.015663
1.01566
1.015658
1.015655
1.015653
1.01565
1.015648
1.015639
1.015643
1.015641
1.015638
1.015636
1.015633
1.015631
1.015628
1.015626
1.015617
1.015621
1.015619
1.015616
1.015614
1.015611
1.015609
1.015606
1.015604
1.015595
1.015599
1.015597
1.015594
1.015592
1.015589
1.015587
1.015585
1.015575
1.01558
1.015577
1.015575
1.015572
1.01557
1.015568
1.015565
1.015563
1.015553
1.015558
1.015556
1.015553
1.015551
1.015548
1.015546
1.015543
1.015541
1.015532
1.015536
1.015534
1.015531
1.015529
1.015527
1.015524
1.015522
1.015512
1.015517
1.015514
1.015512
1.01551
1.015507
1.015505
1.015502
1.0155
1.015491
1.015495
1.015493
1.01549
1.015488
1.015486
1.015483
1.015481
1.015478
1.015469
1.015474
1.015471
1.015469
1.015466
1.015464
1.015462
1.015459
1.01545
1.015455
1.015452
1.01545
1.015447
1.015445
1.015443
1.01544
1.015438
1.015429
1.015433
1.015431
1.015428
1.015426
1.015424
1.015421
1.015419
1.015416
1.015407
1.015412
1.015409
1.015407
1.015404
1.015402
1.0154
1.015397
1.015388
1.015393
1.01539
1.015388
1.015386
1.015383
1.015381
1.015378
1.015376
1.015367
1.015371
1.015369
1.015367
1.015364
1.015362
1.01536
1.015357
1.015355
1.015346
1.01535
1.015348
1.015345
1.015343
1.015341
1.015338
1.015336
1.015327
1.015331
1.015329
1.015327
1.015324
1.015322
1.01532
1.015317
1.015315
1.015306
1.01531
1.015308
1.015306
1.015303
1.015301
1.015298
1.015296
1.015294
1.015285
1.015289
1.015287
1.015284
1.015282
1.01528
1.015277
1.015275
1.015266
1.01527
1.015268
1.015266
1.015263
1.015261
1.015259
1.015256
1.015254
1.015245
1.015249
1.015247
1.015245
1.015242
1.01524
1.015238
1.015236
1.015233
1.015224
1.015229
1.015226
1.015224
1.015222
1.015219
1.015217
1.015215
1.015206
1.01521
1.015208
1.015205
1.015203
1.015201
1.015198
1.015196
1.015194
1.015185
1.015189
1.015187
1.015185
1.015182
1.01518
1.015178
1.015175
1.015173
1.015164
1.015169
1.015166
1.015164
1.015162
1.015159
1.015157
1.015155
1.015152
1.015143
1.015148
1.015146
1.015143
1.015141
1.015139
1.015136
1.015134
1.015125
1.01513
1.015127
1.015125
1.015123
1.01512
1.015118
1.015116
1.015113
1.015105
1.015109
1.015107
1.015104
1.015102
1.0151
1.015097
1.015095
1.015093
1.015084
1.015088
1.015086
1.015084
1.015082
1.015079
1.015077
1.015075
1.015066
1.01507
1.015068
1.015066
1.015063
1.015061
1.015059
1.015057
1.015054
1.015045
1.01505
1.015048
1.015045
1.015043
1.015041
1.015038
1.015036
1.015034
1.015025
1.015029
1.015027
1.015025
1.015023
1.01502
1.015018
1.015016
1.015007
1.015011
1.015009
1.015007
1.015005
1.015002
1.015
1.014998
1.014996
1.014987
1.014991
1.014989
1.014987
1.014984
1.014982
1.01498
1.014978
1.014975
1.014967
1.014971
1.014969
1.014966
1.014964
1.014962
1.01496
1.014958
1.014949
1.014953
1.014951
1.014949
1.014946
1.014944
1.014942
1.01494
1.014937
1.014929
1.014933
1.014931
1.014928
1.014926
1.014924
1.014922
1.01492
1.014917
1.014909
1.014913
1.014911
1.014908
1.014906
1.014904
1.014902
1.0149
1.014891
1.014895
1.014893
1.014891
1.014889
1.014886
1.014884
1.014882
1.01488
1.014871
1.014875
1.014873
1.014871
1.014869
1.014866
1.014864
1.014862
1.01486
1.014851
1.014855
1.014853
1.014851
1.014849
1.014847
1.014844
1.014842
1.014833
1.014838
1.014835
1.014833
1.014831
1.014829
1.014827
1.014825
1.014822
1.014814
1.014818
1.014816
1.014814
1.014811
1.014809
1.014807
1.014805
1.014803
1.014794
1.014798
1.014796
1.014794
1.014792
1.014789
1.014787
1.014785
1.014776
1.014781
1.014778
1.014776
1.014774
1.014772
1.01477
1.014768
1.014765
1.014757
1.014761
1.014759
1.014757
1.014755
1.014752
1.01475
1.014748
1.014746
1.014737
1.014741
1.014739
1.014737
1.014735
1.014733
1.014731
1.014728
1.01472
1.014724
1.014722
1.01472
1.014718
1.014715
1.014713
1.014711
1.014709
1.0147
1.014705
1.014702
1.0147
1.014698
1.014696
1.014694
1.014692
1.014689
1.014681
1.014685
1.014683
1.014681
1.014679
1.014677
1.014674
1.014672
1.01467
1.014661
1.014666
1.014664
1.014662
1.014659
1.014657
1.014655
1.014653
1.014644
1.014649
1.014646
1.014644
1.014642
1.01464
1.014638
1.014636
1.014634
1.014625
1.014629
1.014627
1.014625
1.014623
1.014621
1.014619
1.014616
1.014614
1.014606
1.01461
1.014608
1.014606
1.014604
1.014602
1.014599
1.014597
1.014589
1.014593
1.014591
1.014589
1.014587
1.014585
1.014582
1.01458
1.014578
1.01457
1.014574
1.014572
1.01457
1.014567
1.014565
1.014563
1.014561
1.014559
1.01455
1.014555
1.014553
1.014551
1.014548
1.014546
1.014544
1.014542
1.014534
1.014538
1.014536
1.014534
1.014531
1.014529
1.014527
1.014525
1.014523
1.014515
1.014519
1.014517
1.014515
1.014513
1.014511
1.014508
1.014506
1.014504
1.014496
1.0145
1.014498
1.014496
1.014494
1.014492
1.014489
1.014487
1.014479
1.014483
1.014481
1.014479
1.014477
1.014475
1.014473
1.014471
1.014468
1.01446
1.014464
1.014462
1.01446
1.014458
1.014456
1.014454
1.014452
1.01445
1.014441
1.014445
1.014443
1.014441
1.014439
1.014437
1.014435
1.014433
1.014424
1.014429
1.014427
1.014425
1.014423
1.014421
1.014418
1.014416
1.014414
1.014406
1.01441
1.014408
1.014406
1.014404
1.014402
1.0144
1.014398
1.014396
1.014387
1.014391
1.014389
1.014387
1.014385
1.014383
1.014381
1.014379
1.014371
1.014375
1.014373
1.014371
1.014369
1.014367
1.014365
1.014362
1.01436
1.014352
1.014356
1.014354
1.014352
1.01435
1.014348
1.014346
1.014344
1.014342
1.014333
1.014338
1.014336
1.014334
1.014332
1.01433
1.014328
1.014325
1.014317
1.014321
1.014319
1.014317
1.014315
1.014313
1.014311
1.014309
1.014307
1.014299
1.014303
1.014301
1.014299
1.014297
1.014295
1.014293
1.014291
1.014289
1.01428
1.014284
1.014282
1.01428
1.014278
1.014276
1.014274
1.014272
1.014264
1.014268
1.014266
1.014264
1.014262
1.01426
1.014258
1.014256
1.014254
1.014246
1.01425
1.014248
1.014246
1.014244
1.014242
1.01424
1.014238
1.014236
1.014227
1.014232
1.01423
1.014228
1.014226
1.014224
1.014222
1.01422
1.014217
1.014209
1.014213
1.014211
1.014209
1.014207
1.014205
1.014203
1.014201
1.014193
1.014197
1.014195
1.014193
1.014191
1.014189
1.014187
1.014185
1.014183
1.014175
1.014179
1.014177
1.014175
1.014173
1.014171
1.014169
1.014167
1.014165
1.014157
1.014161
1.014159
1.014157
1.014155
1.014153
1.014151
1.014149
1.014141
1.014145
1.014143
1.014141
1.014139
1.014137
1.014135
1.014133
1.014131
1.014123
1.014127
1.014125
1.014123
1.014121
1.014119
1.014117
1.014115
1.014113
1.014105
1.014109
1.014107
1.014105
1.014103
1.014101
1.014099
1.014097
1.014089
1.014093
1.014091
1.014089
1.014087
1.014085
1.014083
1.014081
1.014079
1.014071
1.014075
1.014073
1.014071
1.01407
1.014068
1.014066
1.014064
1.014062
1.014053
1.014058
1.014056
1.014054
1.014052
1.01405
1.014048
1.014046
1.014038
1.014042
1.01404
1.014038
1.014036
1.014034
1.014032
1.01403
1.014028
1.01402
1.014024
1.014022
1.01402
1.014018
1.014016
1.014014
1.014012
1.01401
1.014002
1.014006
1.014004
1.014003
1.014001
1.013999
1.013997
1.013995
1.013986
1.013991
1.013989
1.013987
1.013985
1.013983
1.013981
1.013979
1.013977
1.013969
1.013973
1.013971
1.013969
1.013967
1.013965
1.013963
1.013961
1.01396
1.013951
1.013956
1.013954
1.013952
1.01395
1.013948
1.013946
1.013944
1.013936
1.01394
1.013938
1.013936
1.013934
1.013932
1.01393
1.013928
1.013927
1.013918
1.013923
1.013921
1.013919
1.013917
1.013915
1.013913
1.013911
1.013909
1.013901
1.013905
1.013903
1.013901
1.013899
1.013897
1.013896
1.013894
1.013885
1.01389
1.013888
1.013886
1.013884
1.013882
1.01388
1.013878
1.013876
1.013868
1.013872
1.01387
1.013869
1.013867
1.013865
1.013863
1.013861
1.013859
1.013851
1.013855
1.013853
1.013851
1.013849
1.013847
1.013845
1.013844
1.013842
1.013834
1.013838
1.013836
1.013834
1.013832
1.01383
1.013828
1.013826
1.013818
1.013823
1.013821
1.013819
1.013817
1.013815
1.013813
1.013811
1.013809
1.013801
1.013805
1.013803
1.013802
1.0138
1.013798
1.013796
1.013794
1.013792
1.013784
1.013788
1.013786
1.013784
1.013783
1.013781
1.013779
1.013777
1.013769
1.013773
1.013771
1.013769
1.013767
1.013765
1.013764
1.013762
1.01376
1.013752
1.013756
1.013754
1.013752
1.01375
1.013748
1.013747
1.013745
1.013743
1.013735
1.013739
1.013737
1.013735
1.013733
1.013731
1.01373
1.013728
1.01372
1.013724
1.013722
1.01372
1.013718
1.013716
1.013714
1.013713
1.013711
1.013703
1.013707
1.013705
1.013703
1.013701
1.013699
1.013698
1.013696
1.013694
1.013686
1.01369
1.013688
1.013686
1.013685
1.013683
1.013681
1.013679
1.013671
1.013675
1.013673
1.013671
1.013669
1.013668
1.013666
1.013664
1.013662
1.013654
1.013658
1.013656
1.013655
1.013653
1.013651
1.013649
1.013647
1.013645
1.013637
1.013641
1.01364
1.013638
1.013636
1.013634
1.013632
1.01363
1.013622
1.013627
1.013625
1.013623
1.013621
1.013619
1.013617
1.013615
1.013614
1.013606
1.01361
1.013608
1.013606
1.013604
1.013603
1.013601
1.013599
1.013597
1.013589
1.013593
1.013591
1.01359
1.013588
1.013586
1.013584
1.013582
1.013574
1.013579
1.013577
1.013575
1.013573
1.013571
1.013569
1.013567
1.013566
1.013558
1.013562
1.01356
1.013558
1.013556
1.013555
1.013553
1.013551
1.013549
1.013541
1.013545
1.013544
1.013542
1.01354
1.013538
1.013536
1.013534
1.013527
1.013531
1.013529
1.013527
1.013525
1.013523
1.013522
1.01352
1.013518
1.01351
1.013514
1.013512
1.013511
1.013509
1.013507
1.013505
1.013503
1.013502
1.013494
1.013498
1.013496
1.013494
1.013492
1.013491
1.013489
1.013487
1.013479
1.013483
1.013481
1.01348
1.013478
1.013476
1.013474
1.013472
1.013471
1.013463
1.013467
1.013465
1.013463
1.013462
1.01346
1.013458
1.013456
1.013454
1.013447
1.013451
1.013449
1.013447
1.013445
1.013443
1.013442
1.01344
1.013438
1.01343
1.013434
1.013433
1.013431
1.013429
1.013427
1.013425
1.013424
1.013416
1.01342
1.013418
1.013416
1.013415
1.013413
1.013411
1.013409
1.013407
1.0134
1.013404
1.013402
1.0134
1.013398
1.013397
1.013395
1.013393
1.013391
1.013389
1.013388
1.013386
1.013384
1.01337
1.013381
1.013379
1.013377
1.013375
1.013373
1.013372
1.01337
1.013368
1.013366
1.013364
1.013363
1.013361
1.013359
1.013357
1.013355
1.013354
1.01334
1.01335
1.013348
1.013347
1.013345
1.013343
1.013341
1.01334
1.013338
1.013336
1.013334
1.013332
1.013331
1.013329
1.013327
1.013325
1.013323
1.013322
1.013308
1.013318
1.013316
1.013315
1.013313
1.013311
1.013309
1.013308
1.013306
1.013304
1.013302
1.0133
1.013299
1.013297
1.013295
1.013293
1.013292
1.013278
1.013288
1.013286
1.013285
1.013283
1.013281
1.013279
1.013278
1.013276
1.013274
1.013272
1.01327
1.013269
1.013267
1.013265
1.013263
1.013262
1.013248
1.013258
1.013256
1.013255
1.013253
1.013251
1.013249
1.013248
1.013246
1.013244
1.013242
1.013241
1.013239
1.013237
1.013235
1.013234
1.013232
1.01323
1.013216
1.013227
1.013225
1.013223
1.013221
1.01322
1.013218
1.013216
1.013214
1.013213
1.013211
1.013209
1.013207
1.013206
1.013204
1.013202
1.0132
1.013187
1.013197
1.013195
1.013193
1.013192
1.01319
1.013188
1.013186
1.013185
1.013183
1.013181
1.01318
1.013178
1.013176
1.013174
1.013173
1.013171
1.013157
1.013167
1.013166
1.013164
1.013162
1.01316
1.013159
1.013157
1.013155
1.013153
1.013152
1.01315
1.013148
1.013147
1.013145
1.013143
1.013141
1.01314
1.013126
1.013136
1.013134
1.013133
1.013131
1.013129
1.013128
1.013126
1.013124
1.013122
1.013121
1.013119
1.013117
1.013116
1.013114
1.013112
1.01311
1.013097
1.013107
1.013105
1.013103
1.013102
1.0131
1.013098
1.013097
1.013095
1.013093
1.013091
1.01309
1.013088
1.013086
1.013085
1.013083
1.013081
1.01308
1.013066
1.013076
1.013074
1.013073
1.013071
1.013069
1.013068
1.013066
1.013064
1.013062
1.013061
1.013059
1.013057
1.013056
1.013054
1.013052
1.013051
1.013037
1.013047
1.013045
1.013044
1.013042
1.01304
1.013039
1.013037
1.013035
1.013034
1.013032
1.01303
1.013028
1.013027
1.013025
1.013023
1.013022
1.013008
1.013018
1.013017
1.013015
1.013013
1.013011
1.01301
1.013008
1.013006
1.013005
1.013003
1.013001
1.013
1.012998
1.012996
1.012995
1.012993
1.012991
1.012978
1.012988
1.012986
1.012984
1.012983
1.012981
1.012979
1.012978
1.012976
1.012974
1.012973
1.012971
1.012969
1.012968
1.012966
1.012964
1.012963
1.012949
1.012959
1.012957
1.012956
1.012954
1.012952
1.012951
1.012949
1.012947
1.012946
1.012944
1.012942
1.012941
1.012939
1.012937
1.012936
1.012934
1.012921
1.012931
1.012929
1.012927
1.012926
1.012924
1.012922
1.012921
1.012919
1.012917
1.012916
1.012914
1.012912
1.012911
1.012909
1.012907
1.012906
1.012904
1.012891
1.012901
1.012899
1.012897
1.012896
1.012894
1.012892
1.012891
1.012889
1.012887
1.012886
1.012884
1.012882
1.012881
1.012879
1.012877
1.012876
1.012863
1.012872
1.012871
1.012869
1.012867
1.012866
1.012864
1.012862
1.012861
1.012859
1.012858
1.012856
1.012854
1.012853
1.012851
1.012849
1.012848
1.012835
1.012844
1.012843
1.012841
1.012839
1.012838
1.012836
1.012834
1.012833
1.012831
1.01283
1.012828
1.012826
1.012825
1.012823
1.012821
1.01282
1.012818
1.012805
1.012815
1.012813
1.012811
1.01281
1.012808
1.012807
1.012805
1.012803
1.012802
1.0128
1.012798
1.012797
1.012795
1.012793
1.012792
1.01279
1.012777
1.012787
1.012785
1.012784
1.012782
1.01278
1.012779
1.012777
1.012775
1.012774
1.012772
1.012771
1.012769
1.012767
1.012766
1.012764
1.012762
1.012749
1.012759
1.012758
1.012756
1.012754
1.012753
1.012751
1.012749
1.012748
1.012746
1.012744
1.012743
1.012741
1.01274
1.012738
1.012736
1.012735
1.012733
1.01272
1.01273
1.012728
1.012727
1.012725
1.012723
1.012722
1.01272
1.012719
1.012717
1.012715
1.012714
1.012712
1.01271
1.012709
1.012707
1.012706
1.012693
1.012702
1.012701
1.012699
1.012698
1.012696
1.012694
1.012693
1.012691
1.012689
1.012688
1.012686
1.012685
1.012683
1.012681
1.01268
1.012678
1.012677
1.012664
1.012673
1.012672
1.01267
1.012669
1.012667
1.012665
1.012664
1.012662
1.012661
1.012659
1.012657
1.012656
1.012654
1.012653
1.012651
1.012649
1.012637
1.012646
1.012645
1.012643
1.012641
1.01264
1.012638
1.012637
1.012635
1.012633
1.012632
1.01263
1.012629
1.012627
1.012625
1.012624
1.012622
1.012609
1.012619
1.012617
1.012616
1.012614
1.012613
1.012611
1.012609
1.012608
1.012606
1.012605
1.012603
1.012602
1.0126
1.012598
1.012597
1.012595
1.012594
1.012581
1.01259
1.012589
1.012587
1.012586
1.012584
1.012583
1.012581
1.012579
1.012578
1.012576
1.012575
1.012573
1.012571
1.01257
1.012568
1.012567
1.012554
1.012564
1.012562
1.01256
1.012559
1.012557
1.012556
1.012554
1.012552
1.012551
1.012549
1.012548
1.012546
1.012545
1.012543
1.012542
1.01254
1.012527
1.012537
1.012535
1.012534
1.012532
1.01253
1.012529
1.012527
1.012526
1.012524
1.012523
1.012521
1.012519
1.012518
1.012516
1.012515
1.012513
1.012512
1.012499
1.012509
1.012507
1.012505
1.012504
1.012502
1.012501
1.012499
1.012498
1.012496
1.012494
1.012493
1.012491
1.01249
1.012488
1.012487
1.012485
1.012473
1.012482
1.01248
1.012479
1.012477
1.012476
1.012474
1.012473
1.012471
1.01247
1.012468
1.012466
1.012465
1.012463
1.012462
1.01246
1.012459
1.012446
1.012456
1.012454
1.012452
1.012451
1.012449
1.012448
1.012446
1.012445
1.012443
1.012442
1.01244
1.012439
1.012437
1.012435
1.012434
1.012432
1.012431
1.012418
1.012428
1.012426
1.012425
1.012423
1.012422
1.01242
1.012419
1.012417
1.012415
1.012414
1.012412
1.012411
1.012409
1.012408
1.012406
1.012405
1.012392
1.012402
1.0124
1.012398
1.012397
1.012395
1.012394
1.012392
1.012391
1.012389
1.012388
1.012386
1.012385
1.012383
1.012382
1.01238
1.012378
1.012377
1.012364
1.012374
1.012372
1.012371
1.012369
1.012368
1.012366
1.012365
1.012363
1.012362
1.01236
1.012359
1.012357
1.012356
1.012354
1.012352
1.012351
1.012339
1.012348
1.012346
1.012345
1.012343
1.012342
1.01234
1.012339
1.012337
1.012336
1.012334
1.012333
1.012331
1.01233
1.012328
1.012327
1.012325
1.012313
1.012322
1.012321
1.012319
1.012318
1.012316
1.012314
1.012313
1.012311
1.01231
1.012308
1.012307
1.012305
1.012304
1.012302
1.012301
1.012299
1.012298
1.012285
1.012295
1.012293
1.012292
1.01229
1.012289
1.012287
1.012286
1.012284
1.012283
1.012281
1.01228
1.012278
1.012277
1.012275
1.012274
1.012272
1.01226
1.012269
1.012268
1.012266
1.012265
1.012263
1.012262
1.01226
1.012259
1.012257
1.012256
1.012254
1.012253
1.012251
1.01225
1.012248
1.012247
1.012234
1.012244
1.012242
1.012241
1.012239
1.012238
1.012236
1.012235
1.012233
1.012232
1.01223
1.012229
1.012227
1.012226
1.012224
1.012223
1.012221
1.01222
1.012207
1.012217
1.012215
1.012214
1.012212
1.012211
1.012209
1.012208
1.012206
1.012205
1.012203
1.012202
1.0122
1.012199
1.012197
1.012196
1.012194
1.012182
1.012191
1.01219
1.012188
1.012187
1.012185
1.012184
1.012182
1.012181
1.012179
1.012178
1.012177
1.012175
1.012174
1.012172
1.012171
1.012169
1.012157
1.012166
1.012165
1.012163
1.012162
1.01216
1.012159
1.012157
1.012156
1.012154
1.012153
1.012151
1.01215
1.012148
1.012147
1.012146
1.012144
1.012143
1.01213
1.01214
1.012138
1.012137
1.012135
1.012134
1.012132
1.012131
1.012129
1.012128
1.012126
1.012125
1.012123
1.012122
1.01212
1.012119
1.012118
1.012105
1.012115
1.012113
1.012112
1.01211
1.012109
1.012107
1.012106
1.012104
1.012103
1.012101
1.0121
1.012098
1.012097
1.012096
1.012094
1.012093
1.012091
1.012079
1.012088
1.012087
1.012085
1.012084
1.012082
1.012081
1.012079
1.012078
1.012076
1.012075
1.012074
1.012072
1.012071
1.012069
1.012068
1.012066
1.012054
1.012063
1.012062
1.012061
1.012059
1.012058
1.012056
1.012055
1.012053
1.012052
1.01205
1.012049
1.012047
1.012046
1.012045
1.012043
1.012042
1.01203
1.012039
1.012037
1.012036
1.012034
1.012033
1.012032
1.01203
1.012029
1.012027
1.012026
1.012024
1.012023
1.012021
1.01202
1.012018
1.012017
1.012016
1.012003
1.012013
1.012011
1.01201
1.012008
1.012007
1.012006
1.012004
1.012003
1.012001
1.012
1.011998
1.011997
1.011995
1.011994
1.011993
1.011991
1.011979
1.011988
1.011987
1.011985
1.011984
1.011982
1.011981
1.01198
1.011978
1.011977
1.011975
1.011974
1.011972
1.011971
1.01197
1.011968
1.011967
1.011955
1.011964
1.011962
1.011961
1.01196
1.011958
1.011957
1.011955
1.011954
1.011952
1.011951
1.01195
1.011948
1.011947
1.011945
1.011944
1.011942
1.011941
1.011929
1.011938
1.011937
1.011935
1.011934
1.011932
1.011931
1.01193
1.011928
1.011927
1.011925
1.011924
1.011922
1.011921
1.01192
1.011918
1.011917
1.011905
1.011914
1.011913
1.011911
1.01191
1.011908
1.011907
1.011905
1.011904
1.011903
1.011901
1.0119
1.011898
1.011897
1.011896
1.011894
1.011893
1.011881
1.01189
1.011889
1.011887
1.011886
1.011884
1.011883
1.011881
1.01188
1.011879
1.011877
1.011876
1.011874
1.011873
1.011872
1.01187
1.011869
1.011867
1.011855
1.011865
1.011863
1.011862
1.01186
1.011859
1.011858
1.011856
1.011855
1.011853
1.011852
1.01185
1.011849
1.011848
1.011846
1.011845
1.011843
1.011832
1.011841
1.011839
1.011838
1.011836
1.011835
1.011834
1.011832
1.011831
1.011829
1.011828
1.011827
1.011825
1.011824
1.011822
1.011821
1.01182
1.011808
1.011817
1.011815
1.011814
1.011813
1.011811
1.01181
1.011809
1.011807
1.011806
1.011804
1.011803
1.011801
1.0118
1.011799
1.011797
1.011796
1.011795
1.011783
1.011792
1.01179
1.011789
1.011788
1.011786
1.011785
1.011783
1.011782
1.011781
1.011779
1.011778
1.011776
1.011775
1.011774
1.011772
1.011771
1.011759
1.011768
1.011767
1.011765
1.011764
1.011763
1.011761
1.01176
1.011758
1.011757
1.011756
1.011754
1.011753
1.011752
1.01175
1.011749
1.011747
1.011746
1.011734
1.011743
1.011742
1.011741
1.011739
1.011738
1.011736
1.011735
1.011734
1.011732
1.011731
1.011729
1.011728
1.011727
1.011725
1.011724
1.011723
1.011711
1.01172
1.011719
1.011717
1.011716
1.011714
1.011713
1.011712
1.01171
1.011709
1.011708
1.011706
1.011705
1.011703
1.011702
1.011701
1.011699
1.011688
1.011697
1.011695
1.011694
1.011693
1.011691
1.01169
1.011688
1.011687
1.011686
1.011684
1.011683
1.011682
1.01168
1.011679
1.011678
1.011676
1.011675
1.011663
1.011672
1.011671
1.011669
1.011668
1.011667
1.011665
1.011664
1.011662
1.011661
1.01166
1.011658
1.011657
1.011656
1.011654
1.011653
1.011652
1.01164
1.011649
1.011648
1.011646
1.011645
1.011644
1.011642
1.011641
1.011639
1.011638
1.011637
1.011635
1.011634
1.011633
1.011631
1.01163
1.011629
1.011617
1.011626
1.011625
1.011623
1.011622
1.011621
1.011619
1.011618
1.011616
1.011615
1.011614
1.011612
1.011611
1.01161
1.011608
1.011607
1.011606
1.011604
1.011593
1.011602
1.0116
1.011599
1.011598
1.011596
1.011595
1.011594
1.011592
1.011591
1.01159
1.011588
1.011587
1.011585
1.011584
1.011583
1.011581
1.01157
1.011579
1.011577
1.011576
1.011575
1.011573
1.011572
1.011571
1.011569
1.011568
1.011567
1.011565
1.011564
1.011563
1.011561
1.01156
1.011559
1.011547
1.011556
1.011555
1.011553
1.011552
1.011551
1.011549
1.011548
1.011547
1.011545
1.011544
1.011543
1.011541
1.01154
1.011539
1.011537
1.011536
1.011535
1.011523
1.011532
1.011531
1.011529
1.011528
1.011527
1.011525
1.011524
1.011523
1.011521
1.01152
1.011519
1.011517
1.011516
1.011515
1.011513
1.011512
1.011501
1.01151
1.011508
1.011507
1.011505
1.011504
1.011503
1.011502
1.0115
1.011499
1.011498
1.011496
1.011495
1.011494
1.011492
1.011491
1.01149
1.011488
1.011477
1.011486
1.011484
1.011483
1.011482
1.01148
1.011479
1.011478
1.011477
1.011475
1.011474
1.011472
1.011471
1.01147
1.011469
1.011467
1.011466
1.011454
1.011463
1.011462
1.011461
1.011459
1.011458
1.011457
1.011455
1.011454
1.011453
1.011451
1.01145
1.011449
1.011448
1.011446
1.011445
1.011444
1.011432
1.011441
1.01144
1.011438
1.011437
1.011436
1.011434
1.011433
1.011432
1.011431
1.011429
1.011428
1.011427
1.011425
1.011424
1.011423
1.011421
1.01142
1.011409
1.011418
1.011416
1.011415
1.011414
1.011412
1.011411
1.01141
1.011408
1.011407
1.011406
1.011405
1.011403
1.011402
1.011401
1.011399
1.011398
1.011387
1.011395
1.011394
1.011393
1.011392
1.01139
1.011389
1.011388
1.011386
1.011385
1.011384
1.011382
1.011381
1.01138
1.011379
1.011377
1.011376
1.011365
1.011373
1.011372
1.011371
1.011369
1.011368
1.011367
1.011366
1.011364
1.011363
1.011362
1.01136
1.011359
1.011358
1.011357
1.011355
1.011354
1.011353
1.011341
1.01135
1.011349
1.011348
1.011346
1.011345
1.011344
1.011342
1.011341
1.01134
1.011338
1.011337
1.011336
1.011335
1.011333
1.011332
1.011331
1.01132
1.011328
1.011327
1.011326
1.011324
1.011323
1.011322
1.011321
1.011319
1.011318
1.011317
1.011315
1.011314
1.011313
1.011312
1.01131
1.011309
1.011298
1.011307
1.011305
1.011304
1.011303
1.011301
1.0113
1.011299
1.011298
1.011296
1.011295
1.011294
1.011292
1.011291
1.01129
1.011289
1.011287
1.011286
1.011275
1.011284
1.011282
1.011281
1.01128
1.011278
1.011277
1.011276
1.011275
1.011273
1.011272
1.011271
1.01127
1.011268
1.011267
1.011266
1.011264
1.011253
1.011262
1.011261
1.011259
1.011258
1.011257
1.011256
1.011254
1.011253
1.011252
1.01125
1.011249
1.011248
1.011247
1.011245
1.011244
1.011243
1.011242
1.01123
1.011239
1.011238
1.011237
1.011235
1.011234
1.011233
1.011232
1.01123
1.011229
1.011228
1.011227
1.011225
1.011224
1.011223
1.011222
1.01122
1.011209
1.011218
1.011216
1.011215
1.011214
1.011213
1.011211
1.01121
1.011209
1.011208
1.011206
1.011205
1.011204
1.011203
1.011201
1.0112
1.011199
1.011188
1.011196
1.011195
1.011194
1.011193
1.011191
1.01119
1.011189
1.011188
1.011186
1.011185
1.011184
1.011183
1.011181
1.01118
1.011179
1.011178
1.011176
1.011165
1.011174
1.011173
1.011171
1.01117
1.011169
1.011168
1.011166
1.011165
1.011164
1.011163
1.011161
1.01116
1.011159
1.011158
1.011156
1.011155
1.011144
1.011153
1.011151
1.01115
1.011149
1.011148
1.011146
1.011145
1.011144
1.011143
1.011141
1.01114
1.011139
1.011138
1.011137
1.011135
1.011134
1.011123
1.011132
1.01113
1.011129
1.011128
1.011127
1.011125
1.011124
1.011123
1.011122
1.01112
1.011119
1.011118
1.011117
1.011115
1.011114
1.011113
1.011112
1.011101
1.011109
1.011108
1.011107
1.011106
1.011104
1.011103
1.011102
1.011101
1.011099
1.011098
1.011097
1.011096
1.011094
1.011093
1.011092
1.011091
1.01108
1.011088
1.011087
1.011086
1.011085
1.011083
1.011082
1.011081
1.01108
1.011078
1.011077
1.011076
1.011075
1.011074
1.011072
1.011071
1.01107
1.011059
1.011068
1.011066
1.011065
1.011064
1.011063
1.011061
1.01106
1.011059
1.011058
1.011056
1.011055
1.011054
1.011053
1.011052
1.01105
1.011049
1.011048
1.011037
1.011045
1.011044
1.011043
1.011042
1.011041
1.011039
1.011038
1.011037
1.011036
1.011034
1.011033
1.011032
1.011031
1.01103
1.011028
1.011027
1.011016
1.011025
1.011024
1.011022
1.011021
1.01102
1.011019
1.011017
1.011016
1.011015
1.011014
1.011013
1.011011
1.01101
1.011009
1.011008
1.011007
1.010996
1.011004
1.011003
1.011002
1.011001
1.010999
1.010998
1.010997
1.010996
1.010994
1.010993
1.010992
1.010991
1.01099
1.010988
1.010987
1.010986
1.010985
1.010974
1.010982
1.010981
1.01098
1.010979
1.010978
1.010976
1.010975
1.010974
1.010973
1.010972
1.01097
1.010969
1.010968
1.010967
1.010966
1.010964
1.010953
1.010962
1.010961
1.01096
1.010958
1.010957
1.010956
1.010955
1.010954
1.010952
1.010951
1.01095
1.010949
1.010948
1.010946
1.010945
1.010944
1.010943
1.010932
1.01094
1.010939
1.010938
1.010937
1.010936
1.010934
1.010933
1.010932
1.010931
1.01093
1.010928
1.010927
1.010926
1.010925
1.010924
1.010922
1.010912
1.01092
1.010919
1.010918
1.010916
1.010915
1.010914
1.010913
1.010912
1.010911
1.010909
1.010908
1.010907
1.010906
1.010905
1.010903
1.010902
1.010891
1.0109
1.010899
1.010897
1.010896
1.010895
1.010894
1.010893
1.010892
1.01089
1.010889
1.010888
1.010887
1.010886
1.010884
1.010883
1.010882
1.010881
1.01087
1.010878
1.010877
1.010876
1.010875
1.010874
1.010873
1.010871
1.01087
1.010869
1.010868
1.010867
1.010865
1.010864
1.010863
1.010862
1.010861
1.01085
1.010858
1.010857
1.010856
1.010855
1.010854
1.010852
1.010851
1.01085
1.010849
1.010848
1.010847
1.010845
1.010844
1.010843
1.010842
1.010841
1.01083
1.010838
1.010837
1.010836
1.010835
1.010834
1.010833
1.010831
1.01083
1.010829
1.010828
1.010827
1.010826
1.010824
1.010823
1.010822
1.010821
1.01082
1.010809
1.010817
1.010816
1.010815
1.010814
1.010813
1.010811
1.01081
1.010809
1.010808
1.010807
1.010806
1.010804
1.010803
1.010802
1.010801
1.0108
1.010789
1.010797
1.010796
1.010795
1.010794
1.010793
1.010792
1.01079
1.010789
1.010788
1.010787
1.010786
1.010785
1.010783
1.010782
1.010781
1.01078
1.010769
1.010778
1.010777
1.010775
1.010774
1.010773
1.010772
1.010771
1.010769
1.010768
1.010767
1.010766
1.010765
1.010764
1.010763
1.010761
1.01076
1.010759
1.010748
1.010757
1.010756
1.010754
1.010753
1.010752
1.010751
1.01075
1.010749
1.010748
1.010746
1.010745
1.010744
1.010743
1.010742
1.010741
1.010739
1.010729
1.010737
1.010736
1.010735
1.010734
1.010733
1.010731
1.01073
1.010729
1.010728
1.010727
1.010726
1.010724
1.010723
1.010722
1.010721
1.01072
1.010719
1.010708
1.010716
1.010715
1.010714
1.010713
1.010712
1.010711
1.01071
1.010708
1.010707
1.010706
1.010705
1.010704
1.010703
1.010702
1.0107
1.010699
1.010689
1.010697
1.010696
1.010695
1.010694
1.010692
1.010691
1.01069
1.010689
1.010688
1.010687
1.010686
1.010684
1.010683
1.010682
1.010681
1.01068
1.010669
1.010678
1.010676
1.010675
1.010674
1.010673
1.010672
1.010671
1.01067
1.010668
1.010667
1.010666
1.010665
1.010664
1.010663
1.010662
1.01066
1.010659
1.010649
1.010657
1.010656
1.010655
1.010654
1.010653
1.010651
1.01065
1.010649
1.010648
1.010647
1.010646
1.010645
1.010643
1.010642
1.010641
1.01064
1.010629
1.010638
1.010637
1.010635
1.010634
1.010633
1.010632
1.010631
1.01063
1.010629
1.010628
1.010626
1.010625
1.010624
1.010623
1.010622
1.010621
1.01061
1.010619
1.010617
1.010616
1.010615
1.010614
1.010613
1.010612
1.010611
1.01061
1.010608
1.010607
1.010606
1.010605
1.010604
1.010603
1.010602
1.010601
1.01059
1.010598
1.010597
1.010596
1.010595
1.010594
1.010593
1.010592
1.01059
1.010589
1.010588
1.010587
1.010586
1.010585
1.010584
1.010583
1.010581
1.010571
1.010579
1.010578
1.010577
1.010576
1.010575
1.010574
1.010573
1.010571
1.01057
1.010569
1.010568
1.010567
1.010566
1.010565
1.010564
1.010563
1.010552
1.01056
1.010559
1.010558
1.010557
1.010556
1.010555
1.010554
1.010553
1.010551
1.01055
1.010549
1.010548
1.010547
1.010546
1.010545
1.010544
1.010543
1.010532
1.01054
1.010539
1.010538
1.010537
1.010536
1.010535
1.010534
1.010532
1.010531
1.01053
1.010529
1.010528
1.010527
1.010526
1.010525
1.010524
1.010513
1.010521
1.01052
1.010519
1.010518
1.010517
1.010516
1.010515
1.010514
1.010513
1.010511
1.01051
1.010509
1.010508
1.010507
1.010506
1.010505
1.010504
1.010493
1.010502
1.0105
1.010499
1.010498
1.010497
1.010496
1.010495
1.010494
1.010493
1.010492
1.010491
1.010489
1.010488
1.010487
1.010486
1.010485
1.010475
1.010483
1.010482
1.010481
1.010479
1.010478
1.010477
1.010476
1.010475
1.010474
1.010473
1.010472
1.010471
1.01047
1.010468
1.010467
1.010466
1.010456
1.010464
1.010463
1.010462
1.010461
1.01046
1.010459
1.010458
1.010456
1.010455
1.010454
1.010453
1.010452
1.010451
1.01045
1.010449
1.010448
1.010447
1.010436
1.010445
1.010443
1.010442
1.010441
1.01044
1.010439
1.010438
1.010437
1.010436
1.010435
1.010434
1.010432
1.010431
1.01043
1.010429
1.010428
1.010418
1.010426
1.010425
1.010424
1.010423
1.010422
1.010421
1.010419
1.010418
1.010417
1.010416
1.010415
1.010414
1.010413
1.010412
1.010411
1.01041
1.010399
1.010408
1.010406
1.010405
1.010404
1.010403
1.010402
1.010401
1.0104
1.010399
1.010398
1.010397
1.010396
1.010395
1.010394
1.010392
1.010391
1.01039
1.01038
1.010388
1.010387
1.010386
1.010385
1.010384
1.010383
1.010382
1.010381
1.010379
1.010378
1.010377
1.010376
1.010375
1.010374
1.010373
1.010372
1.010362
1.01037
1.010369
1.010368
1.010367
1.010365
1.010364
1.010363
1.010362
1.010361
1.01036
1.010359
1.010358
1.010357
1.010356
1.010355
1.010354
1.010343
1.010352
1.01035
1.010349
1.010348
1.010347
1.010346
1.010345
1.010344
1.010343
1.010342
1.010341
1.01034
1.010339
1.010338
1.010337
1.010335
1.010334
1.010324
1.010332
1.010331
1.01033
1.010329
1.010328
1.010327
1.010326
1.010325
1.010324
1.010323
1.010322
1.010321
1.010319
1.010318
1.010317
1.010316
1.010306
1.010314
1.010313
1.010312
1.010311
1.01031
1.010309
1.010308
1.010307
1.010306
1.010305
1.010303
1.010302
1.010301
1.0103
1.010299
1.010298
1.010288
1.010296
1.010295
1.010294
1.010293
1.010292
1.010291
1.01029
1.010289
1.010288
1.010287
1.010285
1.010284
1.010283
1.010282
1.010281
1.01028
1.010279
1.010269
1.010277
1.010276
1.010275
1.010274
1.010273
1.010272
1.010271
1.01027
1.010269
1.010267
1.010266
1.010265
1.010264
1.010263
1.010262
1.010261
1.010251
1.010259
1.010258
1.010257
1.010256
1.010255
1.010254
1.010253
1.010252
1.010251
1.01025
1.010249
1.010248
1.010247
1.010245
1.010244
1.010243
1.010242
1.010232
1.01024
1.010239
1.010238
1.010237
1.010236
1.010235
1.010234
1.010233
1.010232
1.010231
1.01023
1.010229
1.010228
1.010227
1.010226
1.010224
1.010214
1.010222
1.010221
1.01022
1.010219
1.010218
1.010217
1.010216
1.010215
1.010214
1.010213
1.010212
1.010211
1.01021
1.010209
1.010208
1.010207
1.010197
1.010205
1.010204
1.010203
1.010202
1.010201
1.010199
1.010198
1.010197
1.010196
1.010195
1.010194
1.010193
1.010192
1.010191
1.01019
1.010189
1.010188
1.010178
1.010186
1.010185
1.010184
1.010183
1.010182
1.010181
1.01018
1.010179
1.010178
1.010177
1.010176
1.010175
1.010174
1.010172
1.010171
1.01017
1.01016
1.010168
1.010167
1.010166
1.010165
1.010164
1.010163
1.010162
1.010161
1.01016
1.010159
1.010158
1.010157
1.010156
1.010155
1.010154
1.010153
1.010143
1.010151
1.01015
1.010149
1.010148
1.010147
1.010146
1.010145
1.010144
1.010143
1.010141
1.010141
1.010139
1.010139
1.010137
1.010136
1.010135
1.010134
1.010124
1.010132
1.010131
1.01013
1.010129
1.010128
1.010127
1.010126
1.010125
1.010124
1.010123
1.010122
1.010121
1.01012
1.010119
1.010118
1.010117
1.010107
1.010115
1.010114
1.010113
1.010112
1.010111
1.01011
1.010109
1.010108
1.010107
1.010106
1.010105
1.010104
1.010103
1.010102
1.010101
1.0101
1.01009
1.010098
1.010097
1.010095
1.010094
1.010093
1.010092
1.010091
1.01009
1.010089
1.010088
1.010087
1.010086
1.010085
1.010084
1.010083
1.010082
1.010081
1.010071
1.010079
1.010078
1.010077
1.010076
1.010075
1.010074
1.010073
1.010072
1.010071
1.01007
1.010069
1.010068
1.010067
1.010066
1.010065
1.010064
1.010054
1.010062
1.010061
1.01006
1.010059
1.010058
1.010057
1.010056
1.010055
1.010054
1.010053
1.010052
1.010051
1.01005
1.010049
1.010048
1.010047
1.010046
1.010036
1.010044
1.010043
1.010042
1.010041
1.01004
1.010039
1.010038
1.010037
1.010036
1.010035
1.010034
1.010033
1.010032
1.010031
1.01003
1.010029
1.010019
1.010027
1.010026
1.010025
1.010024
1.010023
1.010022
1.010021
1.01002
1.010019
1.010018
1.010017
1.010016
1.010015
1.010014
1.010013
1.010012
1.010002
1.01001
1.010009
1.010008
1.010007
1.010006
1.010005
1.010004
1.010003
1.010002
1.010001
1.01
1.009999
1.009998
1.009997
1.009996
1.009995
1.009994
1.009984
1.009992
1.009991
1.00999
1.009989
1.009988
1.009987
1.009986
1.009985
1.009984
1.009983
1.009982
1.009981
1.00998
1.009979
1.009978
1.009977
1.009967
1.009975
1.009974
1.009973
1.009972
1.009971
1.00997
1.009969
1.009968
1.009967
1.009966
1.009965
1.009964
1.009963
1.009962
1.009961
1.00996
1.00995
1.009958
1.009957
1.009956
1.009955
1.009954
1.009953
1.009952
1.009951
1.00995
1.009949
1.009948
1.009947
1.009946
1.009945
1.009944
1.009943
1.009942
1.009932
1.00994
1.009939
1.009938
1.009937
1.009936
1.009935
1.009934
1.009933
1.009932
1.009931
1.00993
1.009929
1.009928
1.009927
1.009926
1.009925
1.009915
1.009923
1.009922
1.009921
1.00992
1.009919
1.009918
1.009917
1.009916
1.009915
1.009914
1.009913
1.009912
1.009911
1.00991
1.009909
1.009908
1.009899
1.009906
1.009905
1.009905
1.009904
1.009903
1.009902
1.009901
1.0099
1.009899
1.009898
1.009897
1.009896
1.009895
1.009894
1.009893
1.009892
1.009891
1.009881
1.009889
1.009888
1.009887
1.009886
1.009885
1.009884
1.009883
1.009882
1.009881
1.00988
1.009879
1.009878
1.009877
1.009876
1.009875
1.009874
1.009864
1.009872
1.009871
1.00987
1.009869
1.009868
1.009867
1.009866
1.009865
1.009864
1.009863
1.009863
1.009861
1.009861
1.00986
1.009859
1.009858
1.009857
1.009847
1.009855
1.009854
1.009853
1.009852
1.009851
1.00985
1.009849
1.009848